0.000000000000000000e+00 0.000000000000000000e+00 0.000000000000000000e+00
0.000000000000000000e+00 0.000000000000000000e+00 0.000000000000000000e+00
0.000000000000000000e+00 0.000000000000000000e+00 0.000000000000000000e+00
0.000000000000000000e+00 0.000000000000000000e+00 0.000000000000000000e+00
0.000000000000000000e+00 0.000000000000000000e+00 0.000000000000000000e+00
0.000000000000000000e+00 0.000000000000000000e+00 0.000000000000000000e+00
-4.091183980542152199e+01 -4.047618982859151515e+01 -4.091185283615232038e+01
-4.123253775485376593e+01 -4.135298644066617157e+01 -4.135554767700828194e+01
-4.162593338608526494e+01 -4.145619278016051368e+01 -4.160359449052351977e+01
-4.191667346857193621e+01 -4.216786215231278589e+01 -4.216786215231278589e+01
-4.232299817695904665e+01 -4.227593463869714441e+01 -4.232180033429204258e+01
-4.269554177599282951e+01 -4.274144220961467511e+01 -4.272613158573216907e+01
-4.297605126317525048e+01 -4.301742930316774505e+01 -4.298399583344335184e+01
-4.338227030867220435e+01 -4.343723753263856224e+01 -4.346338663950506032e+01
-4.368702038894690531e+01 -4.372150237961732699e+01 -4.375754074355604928e+01
-4.401994251393094260e+01 -4.413308400005045939e+01 -4.421652799098778530e+01
-4.439741509949186593e+01 -4.438618896714599771e+01 -4.465628105199851916e+01
-4.464010128636514452e+01 -4.464975842037573273e+01 -4.480415920755699943e+01
-4.503164705613406227e+01 -4.505598902816777951e+01 -4.530240772054678899e+01
-4.545212048154898099e+01 -4.521215885979059124e+01 -4.558133058557272221e+01
-4.576003727119268660e+01 -4.561787598952464862e+01 -4.568996084647565681e+01
-4.577225184572452577e+01 0.000000000000000000e+00 0.000000000000000000e+00
0.000000000000000000e+00 0.000000000000000000e+00 0.000000000000000000e+00
0.000000000000000000e+00 0.000000000000000000e+00 0.000000000000000000e+00
0.000000000000000000e+00 0.000000000000000000e+00 0.000000000000000000e+00
0.000000000000000000e+00 0.000000000000000000e+00 0.000000000000000000e+00
0.000000000000000000e+00 0.000000000000000000e+00 0.000000000000000000e+00
0.000000000000000000e+00 0.000000000000000000e+00 0.000000000000000000e+00
0.000000000000000000e+00 0.000000000000000000e+00 0.000000000000000000e+00
0.000000000000000000e+00 0.000000000000000000e+00 0.000000000000000000e+00
0.000000000000000000e+00 0.000000000000000000e+00 0.000000000000000000e+00
0.000000000000000000e+00 0.000000000000000000e+00 0.000000000000000000e+00
0.000000000000000000e+00 0.000000000000000000e+00 0.000000000000000000e+00
0.000000000000000000e+00 0.000000000000000000e+00 0.000000000000000000e+00
0.000000000000000000e+00 0.000000000000000000e+00 0.000000000000000000e+00
0.000000000000000000e+00 0.000000000000000000e+00 0.000000000000000000e+00
0.000000000000000000e+00 0.000000000000000000e+00 0.000000000000000000e+00
0.000000000000000000e+00 0.000000000000000000e+00 0.000000000000000000e+00
0.000000000000000000e+00 0.000000000000000000e+00 0.000000000000000000e+00
0.000000000000000000e+00 0.000000000000000000e+00 0.000000000000000000e+00
0.000000000000000000e+00 0.000000000000000000e+00 0.000000000000000000e+00
0.000000000000000000e+00 0.000000000000000000e+00 0.000000000000000000e+00
0.000000000000000000e+00 0.000000000000000000e+00 0.000000000000000000e+00
0.000000000000000000e+00 0.000000000000000000e+00 0.000000000000000000e+00
0.000000000000000000e+00 0.000000000000000000e+00 0.000000000000000000e+00
0.000000000000000000e+00 0.000000000000000000e+00 0.000000000000000000e+00
0.000000000000000000e+00 0.000000000000000000e+00 0.000000000000000000e+00
0.000000000000000000e+00 0.000000000000000000e+00 0.000000000000000000e+00
-3.787601901629503232e+01 -3.811506436586672208e+01 -3.787661218985601863e+01
-3.856812912290501316e+01 -3.858021499193587545e+01 -3.859206587276499079e+01
-3.909684713054951288e+01 -3.901540058521966614e+01 -3.922410829795379783e+01
-3.947122112988760989e+01 -3.948424622446709975e+01 -3.963311201464332356e+01
-3.987493922079951147e+01 -3.991876814169844323e+01 -3.993873897724864008e+01
-4.031500286480032713e+01 -4.041597544818471732e+01 -4.043817554731048602e+01
-4.075769731584995270e+01 -4.089004936690022873e+01 -4.089465941284104389e+01
-4.112742616796828798e+01 -4.118198543734180106e+01 -4.118884771310479209e+01
-4.158316024736661376e+01 -4.162956337634891923e+01 -4.169824900151105140e+01
-4.197161469370070108e+01 -4.220202803740414765e+01 -4.219360379685159046e+01
-4.236426050770621288e+01 -4.251236101408980517e+01 -4.247777086954356918e+01
-4.275525741273908409e+01 -4.281273881425741479e+01 -4.317882745626980068e+01
-4.316433912566291298e+01 -4.340476720770200103e+01 -4.336883396229438858e+01
-4.354551630486854918e+01 -4.358264584895908911e+01 -4.380044081451992355e+01
-4.386973466393976651e+01 -4.420184585517831977e+01 -4.398601630788411398e+01
-4.424221892607007334e+01 -4.457271865367835773e+01 -4.434918667814535098e+01
-4.458018826182427574e+01 -4.463393841218207569e+01 -4.508827618693567274e+01
-4.490573674137149141e+01 -4.496719238770489824e+01 -4.498121809194991272e+01
-4.525110212866525927e+01 -4.526038310930758257e+01 -4.567680080580393565e+01
-4.554524883856073103e+01 -4.566118886233903851e+01 -4.581121753843871858e+01
-4.586061662469880673e+01 -4.590466037178343583e+01 -4.600228324012844894e+01
-4.621802635188863206e+01 -4.625558335010995137e+01 -4.625731416699343157e+01
-4.650070723711103682e+01 -4.652191852240321879e+01 -4.663113604193627282e+01
-4.661508784461655353e+01 -4.692624607755776367e+01 -4.686778771891781759e+01
-4.707403532379121458e+01 -4.706658292876641525e+01 -4.708423022249583312e+01
-4.737657852708679940e+01 -4.714803387917981325e+01 -4.721279127092872585e+01
-4.759789565517949939e+01 0.000000000000000000e+00 0.000000000000000000e+00
0.000000000000000000e+00 0.000000000000000000e+00 0.000000000000000000e+00
0.000000000000000000e+00 0.000000000000000000e+00 0.000000000000000000e+00
0.000000000000000000e+00 0.000000000000000000e+00 0.000000000000000000e+00
0.000000000000000000e+00 0.000000000000000000e+00 0.000000000000000000e+00
0.000000000000000000e+00 0.000000000000000000e+00 0.000000000000000000e+00
0.000000000000000000e+00 0.000000000000000000e+00 0.000000000000000000e+00
0.000000000000000000e+00 0.000000000000000000e+00 0.000000000000000000e+00
0.000000000000000000e+00 0.000000000000000000e+00 0.000000000000000000e+00
0.000000000000000000e+00 0.000000000000000000e+00 0.000000000000000000e+00
0.000000000000000000e+00 0.000000000000000000e+00 0.000000000000000000e+00
0.000000000000000000e+00 0.000000000000000000e+00 0.000000000000000000e+00
0.000000000000000000e+00 0.000000000000000000e+00 0.000000000000000000e+00
0.000000000000000000e+00 0.000000000000000000e+00 0.000000000000000000e+00
0.000000000000000000e+00 0.000000000000000000e+00 0.000000000000000000e+00
0.000000000000000000e+00 0.000000000000000000e+00 0.000000000000000000e+00
0.000000000000000000e+00 0.000000000000000000e+00 0.000000000000000000e+00
0.000000000000000000e+00 0.000000000000000000e+00 0.000000000000000000e+00
0.000000000000000000e+00 0.000000000000000000e+00 0.000000000000000000e+00
0.000000000000000000e+00 0.000000000000000000e+00 0.000000000000000000e+00
0.000000000000000000e+00 0.000000000000000000e+00 0.000000000000000000e+00
0.000000000000000000e+00 0.000000000000000000e+00 0.000000000000000000e+00
-3.797130245562314599e+01 -3.799295657064567422e+01 -3.806151767622290549e+01
-3.860833292798852057e+01 -3.866076778383951762e+01 -3.865156753073897988e+01
-3.902599376404236153e+01 -3.906243721277643033e+01 -3.917641429585580681e+01
-3.953963230490031577e+01 -3.968057580201659107e+01 -3.966476057558093515e+01
-4.008355524399611625e+01 -4.019461431068604185e+01 -4.012023520048749958e+01
-4.060184217829552722e+01 -4.064115346069557688e+01 -4.068058174847712394e+01
-4.109632921974572639e+01 -4.137431107245137696e+01 -4.148945096515236486e+01
-4.159116693889162519e+01 -4.192058490862615372e+01 -4.202100544118606962e+01
-4.211380639980972518e+01 -4.249330355056810049e+01 -4.268797257863085548e+01
-4.262483270724916196e+01 -4.320548757444595367e+01 -4.315237608016138182e+01
-4.314646152066518425e+01 -4.388179430394018965e+01 -4.344667736652059631e+01
-4.360788627055437416e+01 -4.463689347607954261e+01 -4.432283919320507692e+01
-4.408639039743643195e+01 -4.457998177867985135e+01 -4.468051607699504757e+01
-4.453273745693292085e+01 -4.555835393187180671e+01 -4.597014828663755992e+01
-4.491372171266007030e+01 -4.557174643450524343e+01 -4.524210408595077126e+01
-4.522336428981749634e+01 -4.569803709867835551e+01 -4.662170292243192193e+01
-4.554131827029230095e+01 -4.582785599108516550e+01 -4.639981683187689754e+01
-4.581253782986421896e+01 -4.604632481671226429e+01 -4.641362827696018201e+01
-4.603784696247085151e+01 -4.624700950597510030e+01 -4.642403961198868245e+01
-4.634798811289644505e+01 -4.644920605213182085e+01 -4.682143707310240899e+01
-4.655796779214166037e+01 -4.675657500721692372e+01 -4.685039270522066346e+01
-4.680130209876661240e+01 -4.703399852751420696e+01 -4.707149756121650341e+01
-4.698191326918610145e+01 -4.710633656263063784e+01 -4.725194945340476238e+01
-4.722513142689867038e+01 -4.735320626216750384e+01 -4.738388978963246956e+01
-4.742449008902626417e+01 -4.751746976077944140e+01 -4.760587956135310606e+01
-4.768908653670133901e+01 -4.778337774284388928e+01 -4.791680856348676798e+01
-4.803266560261225493e+01 -4.817102932872536059e+01 -4.812628663635199899e+01
-4.833799205300550028e+01 -4.840656325719250219e+01 -4.813118079237614211e+01
-4.859545600104133456e+01 -4.860185752850145491e+01 -4.861615391894792282e+01
-4.880458028511259272e+01 -4.864986898445238239e+01 -4.880307980331189555e+01
0.000000000000000000e+00 0.000000000000000000e+00 0.000000000000000000e+00
0.000000000000000000e+00 0.000000000000000000e+00 0.000000000000000000e+00
0.000000000000000000e+00 0.000000000000000000e+00 0.000000000000000000e+00
0.000000000000000000e+00 0.000000000000000000e+00 0.000000000000000000e+00
0.000000000000000000e+00 0.000000000000000000e+00 0.000000000000000000e+00
0.000000000000000000e+00 0.000000000000000000e+00 0.000000000000000000e+00
0.000000000000000000e+00 0.000000000000000000e+00 0.000000000000000000e+00
0.000000000000000000e+00 0.000000000000000000e+00 0.000000000000000000e+00
0.000000000000000000e+00 0.000000000000000000e+00 0.000000000000000000e+00
0.000000000000000000e+00 0.000000000000000000e+00 0.000000000000000000e+00
0.000000000000000000e+00 0.000000000000000000e+00 0.000000000000000000e+00
0.000000000000000000e+00 0.000000000000000000e+00 0.000000000000000000e+00
0.000000000000000000e+00 0.000000000000000000e+00 0.000000000000000000e+00
0.000000000000000000e+00 0.000000000000000000e+00 0.000000000000000000e+00
0.000000000000000000e+00 0.000000000000000000e+00 0.000000000000000000e+00
0.000000000000000000e+00 0.000000000000000000e+00 0.000000000000000000e+00
0.000000000000000000e+00 0.000000000000000000e+00 0.000000000000000000e+00
0.000000000000000000e+00 0.000000000000000000e+00 0.000000000000000000e+00
-3.846110545803622216e+01 -3.811788966587074157e+01 -3.818529685864767487e+01
-3.874276957408885380e+01 -3.874841884318666985e+01 -3.876143773039726170e+01
-3.936244028953734642e+01 -3.933974428675193025e+01 -3.947309488994102367e+01
-3.993465568762658791e+01 -4.014925279385065693e+01 -4.024576336461917236e+01
-4.054967792103641244e+01 -4.078041041608695139e+01 -4.101193945940227081e+01
-4.123258673671765706e+01 -4.135925845077016305e+01 -4.168422993523136455e+01
-4.203098098818085049e+01 -4.239861567569266043e+01 -4.239894503401817616e+01
-4.278831768276487679e+01 -4.364175623374307378e+01 -4.346354402087396807e+01
-4.361417373314188950e+01 -4.395505084952304031e+01 -4.489720929868046539e+01
-4.441525713289664168e+01 -4.450320673467334132e+01 -4.505066131856305134e+01
-4.544706575771123624e+01 -4.558281087756197536e+01 -4.622009938111487060e+01
-4.705271067823780129e+01 -4.650930930522971352e+01 -4.676257239905319807e+01
-4.704162674076422945e+01 -4.782000860870219583e+01 -4.783592962957614958e+01
-4.753880083882045682e+01 -4.793175413393174011e+01 -4.880413044747587747e+01
-4.796390240773700242e+01 -4.861794988059809697e+01 -4.910329081878472124e+01
-4.805529131924625830e+01 -4.899121178284839573e+01 -4.895926434177378894e+01
-4.848718595897553740e+01 -4.856612173725435611e+01 -4.906742653437507329e+01
-4.844468629977652796e+01 -4.890170805389590214e+01 -4.952744707280174197e+01
-4.844832620823176939e+01 -4.896023943677876389e+01 -4.954629634630719437e+01
-4.828823549299676188e+01 -4.874632652844926639e+01 -4.896330241974384734e+01
-4.821571067017656986e+01 -4.868887380754927818e+01 -4.885411923286145708e+01
-4.810399212540932723e+01 -4.874397729545447078e+01 -4.873868210451708904e+01
-4.804356221438293062e+01 -4.844896063915811624e+01 -4.853832035023651770e+01
-4.807696481266123101e+01 -4.841423027711252303e+01 -4.857178566643187168e+01
-4.826264404556452092e+01 -4.852815034573070818e+01 -4.847838006843568337e+01
-4.835190657805654979e+01 -4.862662132543940174e+01 -4.865311628943838684e+01
-4.850178589486760927e+01 -4.870174359878006243e+01 -4.875268072720356827e+01
-4.879535982885745682e+01 -4.882996754662011796e+01 -4.901921059747446918e+01
-4.898354235711725124e+01 -4.907646846719308087e+01 -4.923474668190640102e+01
-4.921667782075006414e+01 -4.936060997177013832e+01 -4.931351651788995838e+01
-4.960436461354406390e+01 -4.968632552520363532e+01 -4.966706366603787615e+01
-5.001841788869512584e+01 -4.997161072147689964e+01 -5.004163023282193024e+01
-5.029010779083537130e+01 -5.047189461426213342e+01 -5.047189461426213342e+01
0.000000000000000000e+00 0.000000000000000000e+00 0.000000000000000000e+00
0.000000000000000000e+00 0.000000000000000000e+00 0.000000000000000000e+00
0.000000000000000000e+00 0.000000000000000000e+00 0.000000000000000000e+00
0.000000000000000000e+00 0.000000000000000000e+00 0.000000000000000000e+00
0.000000000000000000e+00 0.000000000000000000e+00 0.000000000000000000e+00
0.000000000000000000e+00 0.000000000000000000e+00 0.000000000000000000e+00
0.000000000000000000e+00 0.000000000000000000e+00 0.000000000000000000e+00
0.000000000000000000e+00 0.000000000000000000e+00 0.000000000000000000e+00
0.000000000000000000e+00 0.000000000000000000e+00 0.000000000000000000e+00
0.000000000000000000e+00 0.000000000000000000e+00 0.000000000000000000e+00
0.000000000000000000e+00 0.000000000000000000e+00 0.000000000000000000e+00
0.000000000000000000e+00 0.000000000000000000e+00 0.000000000000000000e+00
0.000000000000000000e+00 0.000000000000000000e+00 0.000000000000000000e+00
0.000000000000000000e+00 0.000000000000000000e+00 0.000000000000000000e+00
0.000000000000000000e+00 0.000000000000000000e+00 0.000000000000000000e+00
-3.814458767430708974e+01 -3.842628996009568709e+01 -3.826977641612119641e+01
-3.892764632386269597e+01 -3.888754655221949719e+01 -3.916682282994047881e+01
-3.977841468783881851e+01 -3.998308393556575169e+01 -4.009588422960752752e+01
-4.073706364832010252e+01 -4.082650724611261239e+01 -4.095870940569282226e+01
-4.171755526435875083e+01 -4.189365760771005398e+01 -4.211747860175741920e+01
-4.291582209718315255e+01 -4.302234188314692176e+01 -4.337912823130050555e+01
-4.395091144351273016e+01 -4.449255177749499524e+01 -4.516381862970472127e+01
-4.524392395886079754e+01 -4.522764275061128103e+01 -4.553424730322133485e+01
-4.625056391278473455e+01 -4.628116200745358810e+01 -4.629900629118255040e+01
-4.724153994543711121e+01 -4.760472418371041670e+01 -4.765111246745357931e+01
-4.855133111852073569e+01 -4.855903634170928740e+01 -4.964736310820970999e+01
-4.959854424765553915e+01 -4.973564935169225265e+01 -5.075195754989579910e+01
-5.037877481161049786e+01 -5.082485479402098605e+01 -5.094402329062238266e+01
-5.103011222115124212e+01 -5.178560235734871497e+01 -5.185873181543761490e+01
-5.152022896774791860e+01 -5.174227624227907540e+01 -5.235015946755774507e+01
-5.205296880555115990e+01 -5.218446393225976720e+01 -5.320114882702493730e+01
-5.236552216090674960e+01 -5.282523107412337282e+01 -5.310058034644013958e+01
-5.254602337461692230e+01 -5.283841339590950525e+01 -5.330020825908924564e+01
-5.237792553205091650e+01 -5.275319389352895882e+01 -5.324655435898468880e+01
-5.220372297645995729e+01 -5.284506940672855535e+01 -5.305671628592651246e+01
-5.163569123325589771e+01 -5.207780315733467802e+01 -5.265490710737287827e+01
-5.131293651105766429e+01 -5.165790608448821075e+01 -5.207395469761573281e+01
-5.148988346402946092e+01 -5.128343797280834337e+01 -5.150746079609199768e+01
-5.050712628397160842e+01 -5.097553314043045702e+01 -5.152387459301555594e+01
-4.977880068925915680e+01 -5.042474407131038561e+01 -5.076152408302708352e+01
-4.955040855449536252e+01 -5.015592975926175257e+01 -5.006656459813782334e+01
-4.955147616223828777e+01 -4.972292042421206304e+01 -4.994682420845076365e+01
-4.960218337953026690e+01 -4.975063709976581805e+01 -4.977747510101242057e+01
-4.967334423900795315e+01 -4.990607745394257222e+01 -4.994644152242393176e+01
-4.986812038258725721e+01 -5.009742848473066346e+01 -5.001587326354925267e+01
-5.013894789818423448e+01 -5.015961360818334924e+01 -5.040559886036302828e+01
-5.038273830779981921e+01 -5.056023889665738125e+01 -5.063756270006126670e+01
-5.068333315523154425e+01 -5.073951925303742883e+01 -5.081980664467002384e+01
-5.116109472586951767e+01 -5.116707122162389965e+01 -5.121800742639421600e+01
-5.168819578089992461e+01 -5.168401986162610484e+01 -5.164948377861082207e+01
-5.213298894082471691e+01 -5.213298894082471691e+01 -5.213298894082471691e+01
0.000000000000000000e+00 0.000000000000000000e+00 0.000000000000000000e+00
0.000000000000000000e+00 0.000000000000000000e+00 0.000000000000000000e+00
0.000000000000000000e+00 0.000000000000000000e+00 0.000000000000000000e+00
0.000000000000000000e+00 0.000000000000000000e+00 0.000000000000000000e+00
0.000000000000000000e+00 0.000000000000000000e+00 0.000000000000000000e+00
0.000000000000000000e+00 0.000000000000000000e+00 0.000000000000000000e+00
0.000000000000000000e+00 0.000000000000000000e+00 0.000000000000000000e+00
0.000000000000000000e+00 0.000000000000000000e+00 0.000000000000000000e+00
0.000000000000000000e+00 0.000000000000000000e+00 0.000000000000000000e+00
0.000000000000000000e+00 0.000000000000000000e+00 0.000000000000000000e+00
0.000000000000000000e+00 0.000000000000000000e+00 0.000000000000000000e+00
0.000000000000000000e+00 0.000000000000000000e+00 0.000000000000000000e+00
-3.852957821156741858e+01 -3.865884189354252953e+01 -3.887532023447525376e+01
-3.977892390326557148e+01 -3.965514938643352139e+01 -3.980504665363691430e+01
-4.106948421630404056e+01 -4.070263056414135860e+01 -4.105854533179348209e+01
-4.239752634236899098e+01 -4.246542529878530559e+01 -4.221351353074405210e+01
-4.364526572959611173e+01 -4.367151508211438227e+01 -4.366896998632488192e+01
-4.474095245942660171e+01 -4.473711726814615020e+01 -4.473641985189666315e+01
-4.574766758343786677e+01 -4.578824206478219594e+01 -4.615568493823948160e+01
-4.682141800450293090e+01 -4.737087040456957965e+01 -4.726183792948415174e+01
-4.806694886713264481e+01 -4.865613651158029285e+01 -4.909636028045068201e+01
-4.986810947355984780e+01 -5.091931420283966503e+01 -5.206724499112162619e+01
-5.132934615530303546e+01 -5.273334799353079205e+01 -5.403760800083671967e+01
-5.274392500257021510e+01 -5.336811236764499000e+01 -5.571496931563463306e+01
-5.369635779811736853e+01 -5.390978515435098473e+01 -5.630280793986775478e+01
-5.442400838418667774e+01 -5.549782383176000877e+01 -5.600331683648967385e+01
-5.496650928972082539e+01 -5.683272604516187698e+01 -5.663951284877217063e+01
-5.531130454583382772e+01 -5.565218877242895701e+01 -5.740502042865265508e+01
-5.544846298605238388e+01 -5.649118590093347336e+01 -5.769989097064459571e+01
-5.566832228996199206e+01 -5.594104013151520860e+01 -5.770646032937742120e+01
-5.562137065121915924e+01 -5.609334795490676129e+01 -5.698568361348332445e+01
-5.571332429795693031e+01 -5.599081625909169446e+01 -5.649102960436507459e+01
-5.594209982415206639e+01 -5.594272671590660906e+01 -5.622189649436833037e+01
-5.578950541645231453e+01 -5.585428290748178171e+01 -5.633286771450757158e+01
-5.496748294013839597e+01 -5.530457299542266014e+01 -5.615596012923379021e+01
-5.375459010678111582e+01 -5.461193963901102677e+01 -5.467542164590814480e+01
-5.319476919505165569e+01 -5.302131060630770776e+01 -5.415104905067070007e+01
-5.235882683440732421e+01 -5.293881982137898490e+01 -5.291131557503737071e+01
-5.116123225853518619e+01 -5.178552080870913699e+01 -5.240692025562967871e+01
-5.080256105485071316e+01 -5.112802934465760529e+01 -5.162539895283803304e+01
-5.071801996862187423e+01 -5.098650607244388056e+01 -5.101345225838407060e+01
-5.075972253591456962e+01 -5.098655771681096383e+01 -5.114556429247168978e+01
-5.078857400792409749e+01 -5.110627974918691763e+01 -5.126325857813080233e+01
-5.103080564138583242e+01 -5.112930718280951936e+01 -5.121561028023123185e+01
-5.132289021683459396e+01 -5.134159153477101967e+01 -5.158356754866431260e+01
-5.164143251806601853e+01 -5.159044436173798687e+01 -5.167217536180177007e+01
-5.195049707350256796e+01 -5.197169952688085459e+01 -5.211341154007588017e+01
-5.248166367601228899e+01 -5.246772371904205556e+01 -5.239214042775906677e+01
-5.296364395945654735e+01 -5.288800723783926827e+01 -5.299094605897632704e+01
-5.346236036273310077e+01 -5.340938702204238808e+01 -5.345964687862390718e+01
-5.386172573127604579e+01 -5.387529315182196399e+01 -5.386172573127604579e+01
0.000000000000000000e+00 0.000000000000000000e+00 0.000000000000000000e+00
0.000000000000000000e+00 0.000000000000000000e+00 0.000000000000000000e+00
0.000000000000000000e+00 0.000000000000000000e+00 0.000000000000000000e+00
0.000000000000000000e+00 0.000000000000000000e+00 0.000000000000000000e+00
0.000000000000000000e+00 0.000000000000000000e+00 0.000000000000000000e+00
0.000000000000000000e+00 0.000000000000000000e+00 0.000000000000000000e+00
0.000000000000000000e+00 0.000000000000000000e+00 0.000000000000000000e+00
0.000000000000000000e+00 0.000000000000000000e+00 0.000000000000000000e+00
0.000000000000000000e+00 0.000000000000000000e+00 0.000000000000000000e+00
-3.907047285661047908e+01 -3.938154826026266875e+01 -3.901354210991789984e+01
-4.051288566586874396e+01 -4.056197924613073269e+01 -4.053627623713256867e+01
-4.200788701838847317e+01 -4.194017659077561433e+01 -4.181087222797392400e+01
-4.296177215930990911e+01 -4.292584818253859424e+01 -4.291920780714541195e+01
-4.402727190499908261e+01 -4.394969558550285882e+01 -4.396270241434879011e+01
-4.509798868944039896e+01 -4.524887535317540710e+01 -4.541531016273886934e+01
-4.645215509120413344e+01 -4.662507969127094754e+01 -4.708576911506162332e+01
-4.879068707487597578e+01 -4.883434392497773047e+01 -4.926656322324586768e+01
-5.160375864548535674e+01 -5.284188025067626171e+01 -5.333696743492804160e+01
-5.664332303238953159e+01 -5.652374722062120327e+01 -5.676253765884698765e+01
-5.878665277913788145e+01 -5.924576659997165962e+01 -5.998802715906077765e+01
-6.030874684676270192e+01 -6.061514204330993039e+01 -6.127347417682675257e+01
-6.146436275435870300e+01 -6.181263988705089929e+01 -6.224721228556852992e+01
-6.225785921285494595e+01 -6.262509265762184185e+01 -6.283246064064677938e+01
-6.289759991758494806e+01 -6.343410017547898860e+01 -6.377821912170183793e+01
-6.329101091506753107e+01 -6.381954057410423076e+01 -6.428310971805748864e+01
-6.346910617644804375e+01 -6.410850369206239918e+01 -6.490029983490387622e+01
-6.280173598178096483e+01 -6.367221421227770861e+01 -6.463459601433120838e+01
-6.077111696719806844e+01 -6.157747324003870659e+01 -6.308198359441833247e+01
-5.996641783572415108e+01 -6.021775896159186203e+01 -6.163247212367684824e+01
-5.930869114284273991e+01 -5.980632188590702469e+01 -6.012997204792959849e+01
-5.841077921880046375e+01 -5.907427951814797495e+01 -5.913781426865033097e+01
-5.808556263417892751e+01 -5.830425849877647693e+01 -5.867798444957512061e+01
-5.776048423795959508e+01 -5.778987489175345615e+01 -5.790576656819582269e+01
-5.689079285341345837e+01 -5.718707568088528603e+01 -5.715822627059672811e+01
-5.503664793046304737e+01 -5.620437249406857205e+01 -5.614008483316368370e+01
-5.382818590016002247e+01 -5.452863962029658751e+01 -5.466241091601177260e+01
-5.300041185175895464e+01 -5.283212316094961380e+01 -5.348166635606743569e+01
-5.215522768971490564e+01 -5.239014114180454129e+01 -5.300771015966438426e+01
-5.180752859923205023e+01 -5.202556294157158590e+01 -5.235112325406248601e+01
-5.168712244483350560e+01 -5.193078469053832436e+01 -5.205317274586408161e+01
-5.188677385483019577e+01 -5.191557921322071678e+01 -5.207163788445382124e+01
-5.194864485520157871e+01 -5.211206146491831248e+01 -5.218107011412472218e+01
-5.231945756276390114e+01 -5.240832481836907419e+01 -5.246159670706636291e+01
-5.259191412357434103e+01 -5.267083177710352970e+01 -5.293112898473742689e+01
-5.292940398369341182e+01 -5.293307471697490740e+01 -5.317716617609035268e+01
-5.336446591190273381e+01 -5.348625403004203349e+01 -5.353177269714802833e+01
-5.387127230642942521e+01 -5.394093619287273356e+01 -5.394063325228294303e+01
-5.435926345859434150e+01 -5.452402554597316708e+01 -5.456554025283931963e+01
-5.499505964164818295e+01 -5.509542114455209116e+01 -5.516338257618880903e+01
-5.544510904523170325e+01 -5.544510904523170325e+01 0.000000000000000000e+00
0.000000000000000000e+00 0.000000000000000000e+00 0.000000000000000000e+00
0.000000000000000000e+00 0.000000000000000000e+00 0.000000000000000000e+00
0.000000000000000000e+00 0.000000000000000000e+00 0.000000000000000000e+00
0.000000000000000000e+00 0.000000000000000000e+00 0.000000000000000000e+00
0.000000000000000000e+00 0.000000000000000000e+00 0.000000000000000000e+00
0.000000000000000000e+00 0.000000000000000000e+00 0.000000000000000000e+00
0.000000000000000000e+00 0.000000000000000000e+00 0.000000000000000000e+00
-3.948526879121720157e+01 -3.924619267288490931e+01 -3.924701290649031904e+01
-4.067298025167610120e+01 -4.054382123240911540e+01 -4.078398292455529628e+01
-4.179805178683326261e+01 -4.170339827386136733e+01 -4.164947463897176760e+01
-4.279425744005731502e+01 -4.255269851769376288e+01 -4.265730560978440167e+01
-4.401330853911380103e+01 -4.386118817089140265e+01 -4.372089881565355540e+01
-4.533355490118407971e+01 -4.565919369500954161e+01 -4.604423067308319162e+01
-4.813192317016739707e+01 -4.827158658732145824e+01 -4.969950538119196182e+01
-5.605931250415218869e+01 -5.583488790388670253e+01 -5.627352953249582157e+01
-5.808253487504939727e+01 -5.820735174296841308e+01 -5.835998980273604531e+01
-5.966232341541436313e+01 -6.005063559268427298e+01 -5.995974833720669750e+01
-6.123719591854333544e+01 -6.125118898736705120e+01 -6.134225015136082249e+01
-6.240916956139877669e+01 -6.244539045884613415e+01 -6.242325069013911332e+01
-6.347588721829489344e+01 -6.364177382820069084e+01 -6.372824687358161810e+01
-6.452281589611119728e+01 -6.479513973792322190e+01 -6.496276470586892060e+01
-6.534660537355186705e+01 -6.562846774047719123e+01 -6.605947685518243873e+01
-6.604681890666452659e+01 -6.632735260135268618e+01 -6.661993022914199969e+01
-6.648679543499042666e+01 -6.676779685609677983e+01 -6.699786559357802673e+01
-6.635009032960751085e+01 -6.670927211163427728e+01 -6.703070398496484472e+01
-6.625875450716071668e+01 -6.649079031633776538e+01 -6.685263657714224905e+01
-6.588584979759544069e+01 -6.600799704201671148e+01 -6.660234127877947685e+01
-6.324704426546047387e+01 -6.425854058023861626e+01 -6.453860786662451687e+01
-6.197431753852303160e+01 -6.261004375354165319e+01 -6.280817416861830793e+01
-6.053191460719347106e+01 -6.073826567175458280e+01 -6.144834518203581553e+01
-5.982597950956937183e+01 -6.011209392182230715e+01 -6.051495954336051852e+01
-5.940132687018717661e+01 -5.945885746986426312e+01 -5.980887003937457536e+01
-5.862876346301039376e+01 -5.864825694411298684e+01 -5.885658292823995197e+01
-5.635437867344248986e+01 -5.676161096023914610e+01 -5.763833613717832094e+01
-5.515264340577829927e+01 -5.514508684259683235e+01 -5.581305843057671723e+01
-5.394042778503866487e+01 -5.423956226781186274e+01 -5.504018243958522305e+01
-5.313765734202821278e+01 -5.373584083643434894e+01 -5.348966719322719854e+01
-5.280938921104984729e+01 -5.310397439927199059e+01 -5.323285352333605402e+01
-5.278514084736857370e+01 -5.284479828467305396e+01 -5.303099781174963567e+01
-5.311526744240851627e+01 -5.309583114268198045e+01 -5.323882803614852577e+01
-5.306868197159455036e+01 -5.313098249597099709e+01 -5.330743256042957512e+01
-5.339032464291085489e+01 -5.346965247014678368e+01 -5.353882171032191195e+01
-5.369326995063222796e+01 -5.377620654862583649e+01 -5.398382551467760493e+01
-5.403406300084266434e+01 -5.408688782337783607e+01 -5.432502981098006956e+01
-5.449565222577316348e+01 -5.471555990978450268e+01 -5.468238061471966915e+01
-5.503589508848151013e+01 -5.519473486034875265e+01 -5.525036911684265561e+01
-5.562311463659724353e+01 -5.568774719938085838e+01 -5.569714275850540730e+01
-5.217752688356741686e+01 -5.389584947593164088e+01 -5.436014643154305048e+01
-5.309307500768519361e+01 -5.333496053641996326e+01 -5.310090860814358393e+01
0.000000000000000000e+00 0.000000000000000000e+00 0.000000000000000000e+00
0.000000000000000000e+00 0.000000000000000000e+00 0.000000000000000000e+00
0.000000000000000000e+00 0.000000000000000000e+00 0.000000000000000000e+00
0.000000000000000000e+00 0.000000000000000000e+00 0.000000000000000000e+00
0.000000000000000000e+00 0.000000000000000000e+00 0.000000000000000000e+00
0.000000000000000000e+00 0.000000000000000000e+00 0.000000000000000000e+00
-3.891332674700537808e+01 -3.868065483650443781e+01 -3.859565695389009932e+01
-4.041419542632273476e+01 -4.052950577869634685e+01 -4.015115266200313471e+01
-4.131185116301917049e+01 -4.106211177743271890e+01 -4.085140233013567013e+01
-4.200753340144768089e+01 -4.152013215398468304e+01 -4.145607129082078757e+01
-4.350144769038242742e+01 -4.317801918901837865e+01 -4.323248327414670200e+01
-4.650593939119384146e+01 -4.659296968566800246e+01 -4.641932998537437527e+01
-5.249062036687293187e+01 -5.271217458134111666e+01 -5.247760219026708484e+01
-5.723977826214755993e+01 -5.739699987542727655e+01 -5.713334923481278338e+01
-5.841661787792899219e+01 -5.830574087966013508e+01 -5.827982404524350812e+01
-6.046047924656619443e+01 -6.038821642706573556e+01 -6.036167279194722113e+01
-6.141772309499850735e+01 -6.136449294604138771e+01 -6.122704522500660573e+01
-6.248345126422310614e+01 -6.240885869379368245e+01 -6.229316463511765534e+01
-6.408382886755738639e+01 -6.383050137011183978e+01 -6.385727756350203066e+01
-6.654436627797269921e+01 -6.659609383561189588e+01 -6.654530786137121368e+01
-6.884590033658012942e+01 -6.892788000845717988e+01 -6.897138738839068139e+01
-6.946722373534097983e+01 -6.979784747632196229e+01 -7.014164259724641681e+01
-6.793126609873812072e+01 -6.847127046566951947e+01 -6.874797586178236486e+01
-6.799131041686010235e+01 -6.829196751408505861e+01 -6.848203904735083825e+01
-6.839427799531370056e+01 -6.864815108336578930e+01 -6.887942140859647111e+01
-6.802296261238932118e+01 -6.825072297138082433e+01 -6.846802033175777069e+01
-6.731091481193311665e+01 -6.748700301751432562e+01 -6.782330190277387771e+01
-6.445747879375278444e+01 -6.502232686839244025e+01 -6.490151641801773508e+01
-6.302074384506265403e+01 -6.332580981776687423e+01 -6.361550674120804416e+01
-6.137153744361013707e+01 -6.160374204717491153e+01 -6.188504964689620635e+01
-6.093017517464262056e+01 -6.103779345439320281e+01 -6.132035713807764665e+01
-6.031518426239059494e+01 -6.044478817509717317e+01 -6.066344450795749310e+01
-5.884008676849288122e+01 -5.882765493730660467e+01 -5.938287722022572268e+01
-5.671084129063487467e+01 -5.701035067916843246e+01 -5.699634027906092371e+01
-5.538792255556370492e+01 -5.569638239731873597e+01 -5.574532016717837735e+01
-5.459276430260699442e+01 -5.472226968930905144e+01 -5.466789592834318512e+01
-5.380612342346936572e+01 -5.405872723585524398e+01 -5.415941881798929103e+01
-5.396177078970755758e+01 -5.384462033600515696e+01 -5.401015996951346665e+01
-5.404605237079049829e+01 -5.409248000665795786e+01 -5.424282139097329747e+01
-5.409859623530100947e+01 -5.427795647603229412e+01 -5.439317365015878636e+01
-5.419940851059600107e+01 -5.437441920775538762e+01 -5.460377243803846170e+01
-5.445617155007027321e+01 -5.459901570618139743e+01 -5.481896598123492481e+01
-5.496651820389333665e+01 -5.505639430368118781e+01 -5.529425490473235527e+01
-5.535510744917225168e+01 -5.542475666685274405e+01 -5.553394746985135555e+01
-5.596806770590968938e+01 -5.608017287105055715e+01 -5.633512015574442700e+01
-5.663185563356022101e+01 -5.682206826840972980e+01 -5.688775210476583055e+01
-5.486832672062861604e+01 -5.530067032252461701e+01 -5.547651131170168526e+01
-5.489637206438516870e+01 -5.484717473586503189e+01 -5.529992514975654672e+01
-5.522925750284930757e+01 -5.531485029076753790e+01 -5.492054890248831356e+01
-5.605298758027694817e+01 -5.595334309463000722e+01 -5.636554902846700799e+01
-5.687412388242874073e+01 -5.735443810117378405e+01 -5.735443810117378405e+01
0.000000000000000000e+00 0.000000000000000000e+00 0.000000000000000000e+00
0.000000000000000000e+00 0.000000000000000000e+00 0.000000000000000000e+00
0.000000000000000000e+00 0.000000000000000000e+00 0.000000000000000000e+00
-3.775865228643662164e+01 -3.770863658005431063e+01 -3.724636465649611949e+01
-3.915183036154514440e+01 -3.902991456539111681e+01 -3.899321650426001895e+01
-3.994538595602637798e+01 -3.969017993052530358e+01 -3.968628404029011847e+01
-4.115567092616532108e+01 -4.041648850845700025e+01 -4.024756531260707959e+01
-4.220446929829810045e+01 -4.229218906297857927e+01 -4.190272706935593305e+01
-4.574142087115971833e+01 -4.575204498800080444e+01 -4.545796103418948064e+01
-5.260589124929022375e+01 -5.267295896177989789e+01 -5.226048172515429968e+01
-5.684946281574168836e+01 -5.658934089065601825e+01 -5.644124341076287266e+01
-5.778562067878846875e+01 -5.793297281532687748e+01 -5.732689961694900660e+01
-5.970528345702785344e+01 -5.965131875564501485e+01 -5.952907122124161532e+01
-6.066149013246084820e+01 -6.047032371809363838e+01 -6.027830101088508741e+01
-6.170215709056326858e+01 -6.163943310254304464e+01 -6.141080197016103881e+01
-6.345209354026823689e+01 -6.314987265346745460e+01 -6.295161105234902266e+01
-6.632897862914641962e+01 -6.608429886357617988e+01 -6.583433444859180383e+01
-6.948002986864023001e+01 -6.911936449636573343e+01 -6.919145419327750801e+01
-7.166172939794016372e+01 -7.165795303952062056e+01 -7.149703599075982652e+01
-7.110710612964638244e+01 -7.117561255397011166e+01 -7.095226227292705801e+01
-7.059121786173710689e+01 -7.067081790527902285e+01 -7.051183812979874688e+01
-6.930453671511425284e+01 -6.951840024620247505e+01 -6.955190781164596103e+01
-6.840792189139621371e+01 -6.866802188454708755e+01 -6.875693762063697534e+01
-6.773752327142996421e+01 -6.798867178444865544e+01 -6.790990548542289673e+01
-6.571070841971491916e+01 -6.586260127997110203e+01 -6.596234549347501286e+01
-6.416306876992382513e+01 -6.425297920463999901e+01 -6.439415257910843593e+01
-6.253315249457437375e+01 -6.268005739922960373e+01 -6.281651953202955241e+01
-6.196756525722729236e+01 -6.211641161779892428e+01 -6.224633607370544297e+01
-6.137967182034186209e+01 -6.148071146244814855e+01 -6.156968154170833429e+01
-6.017583734828762942e+01 -6.018322925813470903e+01 -6.024820601641702211e+01
-5.786695308121080927e+01 -5.789020409109284060e+01 -5.834112215248396183e+01
-5.669530920411459363e+01 -5.661899765376214333e+01 -5.666551019066607608e+01
-5.559150048894711915e+01 -5.582504887260179771e+01 -5.585432935156515555e+01
-5.484792545732061342e+01 -5.501295064343831598e+01 -5.506154455305502893e+01
-5.487016613484145466e+01 -5.497555963049797612e+01 -5.507915520827332756e+01
-5.517434286959939982e+01 -5.515463392568283041e+01 -5.542704559178131518e+01
-5.512274242388317447e+01 -5.513732952200424364e+01 -5.540061849507679170e+01
-5.523920931608443396e+01 -5.546329761659908542e+01 -5.551804955575111933e+01
-5.552323330314520433e+01 -5.561561394799673508e+01 -5.576757725168342006e+01
-5.609379869378951611e+01 -5.622326918280148078e+01 -5.629573538179639058e+01
-5.659905411137032871e+01 -5.665087168197439382e+01 -5.693012682247593403e+01
-5.721729925645094994e+01 -5.746678838827040892e+01 -5.758106362636256392e+01
-5.771448848653015062e+01 -5.788565504832141784e+01 -5.790599662811682435e+01
-5.645089148684531466e+01 -5.631528302376431583e+01 -5.681950919858699933e+01
-5.543954810777717768e+01 -5.507549859951944882e+01 -5.552474361352425092e+01
-4.344646141292909647e+01 -4.337384218585820150e+01 -3.893345451833859272e+01
-5.769295524811970211e+01 -5.828210795634723240e+01 -5.818439644717398096e+01
-5.955757366459681634e+01 -5.911694655191222125e+01 -5.955757366459681634e+01
0.000000000000000000e+00 0.000000000000000000e+00 0.000000000000000000e+00
0.000000000000000000e+00 0.000000000000000000e+00 0.000000000000000000e+00
0.000000000000000000e+00 0.000000000000000000e+00 0.000000000000000000e+00
-3.638676528295599866e+01 -3.602407621328042353e+01 -3.595665788909012406e+01
-3.741839068880174324e+01 -3.683362209051477265e+01 -3.694103105426025024e+01
-3.845662556125127196e+01 -3.798138037760512731e+01 -3.798088424651997741e+01
-3.917981456779993010e+01 -3.874753270808790973e+01 -3.833516119583220672e+01
-4.156642434034371547e+01 -4.081654807341944036e+01 -4.035103974929094761e+01
-4.373250742419576653e+01 -4.360902024473475080e+01 -4.198273763610522025e+01
-5.186863983751075580e+01 -4.776631142629673121e+01 -4.762205047450132156e+01
-5.514040357540473991e+01 -5.510089437385442324e+01 -5.488123747006210351e+01
-5.608423477300598847e+01 -5.635108726630652853e+01 -5.572103855911274195e+01
-5.855566697323808256e+01 -5.813205774870699116e+01 -5.784735792004091337e+01
-5.939961209562322608e+01 -5.922182394105001180e+01 -5.899597956107981389e+01
-6.075599119549536908e+01 -6.016830922153334171e+01 -5.979410149117351381e+01
-6.214954888431796576e+01 -6.181282907409700300e+01 -6.126296179035119849e+01
-6.399770227799798761e+01 -6.354464232793576173e+01 -6.305557213539545813e+01
-6.713569190234365180e+01 -6.681284407498267797e+01 -6.555700023770064888e+01
-6.963464411788507391e+01 -6.913718928237695138e+01 -6.938487210580086639e+01
-6.996502716949746059e+01 -6.962194430137137147e+01 -6.953404517203408375e+01
-6.965902555075126656e+01 -6.931994915932051526e+01 -6.913736970478858268e+01
-6.889616922197379267e+01 -6.870696316034020867e+01 -6.854053937956287257e+01
-6.812524354007744876e+01 -6.807944699678216693e+01 -6.790970186073657544e+01
-6.730477718830455558e+01 -6.724854797648033866e+01 -6.732154405591687407e+01
-6.608688513135058429e+01 -6.609735481910543342e+01 -6.607774131119656147e+01
-6.460424772335916543e+01 -6.462403902881209206e+01 -6.465430672075494556e+01
-6.334413999029936093e+01 -6.337992023574685163e+01 -6.350585583737982631e+01
-6.262731027826784214e+01 -6.269083280313939355e+01 -6.276745859409026451e+01
-6.177802496098431817e+01 -6.176391424453836265e+01 -6.176149277021400508e+01
-6.051036423172374867e+01 -6.016748049681658728e+01 -6.026255095316439991e+01
-5.836772249647218302e+01 -5.845024001807388458e+01 -5.836202779135997787e+01
-5.734198641301048838e+01 -5.729271557117645841e+01 -5.742496602126740157e+01
-5.640478087321473311e+01 -5.650258651091817796e+01 -5.660944392601370367e+01
-5.593030784052855608e+01 -5.601893545309590650e+01 -5.607015248856313860e+01
-5.601116417217370724e+01 -5.627114710035424849e+01 -5.610286929554106905e+01
-5.614491180412608884e+01 -5.631070428477450918e+01 -5.641399199567325695e+01
-5.626371159253824317e+01 -5.641052038618208542e+01 -5.643369817489896434e+01
-5.642369747402852198e+01 -5.660242856543629131e+01 -5.661893457753395609e+01
-5.636175871213743704e+01 -5.655583597492071135e+01 -5.644554439462577022e+01
-5.567630312339035470e+01 -5.538922213329491484e+01 -5.569798288040767176e+01
-5.464897864515413772e+01 -5.532406992692489212e+01 -5.314905927358093152e+01
-5.114314131023538579e+01 -4.955560584788725720e+01 -5.082689531969738539e+01
-3.530628651374073712e+01 -3.226303329523211971e+01 -2.740656129585249801e+01
-2.703760910939337947e+01 -2.851668360506180022e+01 -1.780795517942682693e+01
-2.571171005662315068e+01 -1.750584364363885470e+01 -1.330000322339778052e+01
-2.276083057237842766e+01 -1.299868042224048459e+01 -9.741910530126288492e+00
-1.253910290602891209e+01 -7.453700074484199689e+00 -6.513935022090008076e+00
-4.850929395981303571e+00 -1.120391918278511589e+01 -3.889827672708387141e+00
0.000000000000000000e+00 0.000000000000000000e+00 0.000000000000000000e+00
0.000000000000000000e+00 0.000000000000000000e+00 0.000000000000000000e+00
0.000000000000000000e+00 0.000000000000000000e+00 0.000000000000000000e+00
-3.412553185312214765e+01 -3.414055881437178641e+01 -3.410574890690644168e+01
-3.423666229045966247e+01 -3.382562099046199222e+01 -3.343996665524319667e+01
-3.532287592224123784e+01 -3.534974969048212046e+01 -3.545928178114595397e+01
-3.640880565016863812e+01 -3.637354092081960744e+01 -3.635973419819456609e+01
-3.767692452350846821e+01 -3.746296217521899052e+01 -3.686560402887512566e+01
-4.053395435502349642e+01 -4.094009772789031132e+01 -3.916291828601526959e+01
-4.400116423597312121e+01 -4.205113373693554735e+01 -4.364682487741008998e+01
-4.869171562388978458e+01 -4.840690804094887767e+01 -4.878038111451018466e+01
-5.387633594564589856e+01 -5.381401808195602854e+01 -5.366964360989234706e+01
-5.610855260004890255e+01 -5.564290789738438292e+01 -5.486381805095299313e+01
-5.766867567140548090e+01 -5.703889603375623096e+01 -5.705714368570302497e+01
-5.870815116179630166e+01 -5.827814067046094237e+01 -5.802172644192014417e+01
-5.955271393058832530e+01 -5.938583249179394130e+01 -5.876854865213459789e+01
-6.114624675706993884e+01 -6.077719500774586692e+01 -6.002317275915822847e+01
-6.310487364552223966e+01 -6.283101789192814124e+01 -6.177752217992652817e+01
-6.420902184243956867e+01 -6.423091732249456243e+01 -6.322070422433621673e+01
-6.609920430815270720e+01 -6.537061594709761891e+01 -6.481780658790736993e+01
-6.727562361634976185e+01 -6.665780347337557998e+01 -6.586106370469417470e+01
-6.766707978311512761e+01 -6.721708923150544024e+01 -6.690441739277160593e+01
-6.735924368282982755e+01 -6.680006917515359532e+01 -6.657417935311818269e+01
-6.650398815981084510e+01 -6.607582640727967771e+01 -6.589387181041134056e+01
-6.560612843592734578e+01 -6.534873082265059452e+01 -6.511894267934650316e+01
-6.446782031754580089e+01 -6.441419249347833897e+01 -6.435218298559055938e+01
-6.349629484256802670e+01 -6.336019154748913706e+01 -6.335136468550902578e+01
-6.236032602874832520e+01 -6.220689982877082258e+01 -6.220469980897723161e+01
-6.092331508158917330e+01 -6.081598433660695946e+01 -6.053858536461800099e+01
-5.982235930287617265e+01 -5.964617290168443020e+01 -5.937789382298072383e+01
-5.847083162133624512e+01 -5.858078305556018250e+01 -5.853599748867495123e+01
-5.765338056454472593e+01 -5.771926300072684768e+01 -5.773570428721494352e+01
-5.717057307783176157e+01 -5.720588682107855050e+01 -5.737907755979119884e+01
-5.696111041072495595e+01 -5.700189258857819397e+01 -5.716167198382338910e+01
-5.669414965212247637e+01 -5.672639222806622428e+01 -5.674325093774996986e+01
-5.655260605751517033e+01 -5.605864145136683874e+01 -5.598907024569346191e+01
-5.577342626560826488e+01 -5.531576219801902283e+01 -5.495966593455987947e+01
-5.409360002806820233e+01 -5.441576742359362839e+01 -5.307788284052170980e+01
-5.181472615050581254e+01 -5.265759126062156525e+01 -4.986642638878389278e+01
-5.079653609655574087e+01 -4.766293207808579524e+01 -4.613745255250753985e+01
-3.935259352731276294e+01 -3.934872218882068040e+01 -3.708029826862750156e+01
-4.176139480807943016e+01 -3.095920048743385422e+01 -2.828898716797076318e+01
-2.123533103260316679e+01 -2.074660699927209251e+01 -2.175414845619940607e+01
-1.371172212606975904e+01 -1.332539763344897921e+01 -1.415791895154596247e+01
-1.208987290346307120e+01 -9.817381191485498704e+00 -7.996334561508147587e+00
-6.558974576383879374e+00 -6.514173992318375461e+00 -5.836437468784149374e+00
-4.061319514173666434e+00 -4.787855007433845955e+00 -3.826116169125096889e+00
-2.983256396557671941e+00 -2.401978951962745690e+00 -2.124210533276888135e+00
0.000000000000000000e+00 0.000000000000000000e+00 0.000000000000000000e+00
0.000000000000000000e+00 0.000000000000000000e+00 0.000000000000000000e+00
0.000000000000000000e+00 0.000000000000000000e+00 0.000000000000000000e+00
0.000000000000000000e+00 0.000000000000000000e+00 0.000000000000000000e+00
-3.274353892539932076e+01 -3.275460799892177732e+01 -3.274408684337804232e+01
-3.230972932482293913e+01 -3.225448052081962658e+01 -3.206479735199138759e+01
-3.285032423806560331e+01 -3.283961114016791782e+01 -3.145606081994528580e+01
-3.433967852030373535e+01 -3.404501113481832419e+01 -3.400201236303871610e+01
-3.561304842002178361e+01 -3.513533390642439969e+01 -3.481927713393816504e+01
-3.876542467457223040e+01 -3.737516725667482831e+01 -3.638299989643967791e+01
-4.213212914943473919e+01 -4.065735416113607670e+01 -3.915004331591705267e+01
-4.652329682334054439e+01 -4.508489180581911171e+01 -4.378296272560019986e+01
-5.248763448998018077e+01 -5.117614517229981885e+01 -5.100914563515781452e+01
-5.407466004150711569e+01 -5.468012640819272008e+01 -5.325299401011105260e+01
-5.585456463059364296e+01 -5.531204997462366890e+01 -5.422481698962188545e+01
-5.751738281433150490e+01 -5.751101194339547362e+01 -5.639701417843701847e+01
-5.844594283907808574e+01 -5.802339176248446506e+01 -5.759079254356635147e+01
-5.964578996715155768e+01 -5.908134298872206358e+01 -5.823210024773166538e+01
-6.089622100076341127e+01 -6.045819925311982956e+01 -5.951560766493126664e+01
-6.175004712458786571e+01 -6.153074485644263802e+01 -6.079979824796021148e+01
-6.277336917958744777e+01 -6.224651418069303332e+01 -6.152577316814270603e+01
-6.326618746501201684e+01 -6.298988274973069679e+01 -6.213991228698860425e+01
-6.389691564663671386e+01 -6.360052265613941103e+01 -6.265082477345031009e+01
-6.367746551423206114e+01 -6.301623213439619775e+01 -6.265992402156049934e+01
-6.301683589381419637e+01 -6.284309113707764993e+01 -6.215097075095323476e+01
-6.181355746460680223e+01 -6.164131909683038657e+01 -6.149472051901254588e+01
-6.149817676855921178e+01 -6.138223666191322536e+01 -6.075070228991356913e+01
-6.039334399916053542e+01 -6.075003322216094404e+01 -5.981780239292183410e+01
-5.981687094660841808e+01 -5.914318573419707548e+01 -5.890575088334105658e+01
-5.848785424119349585e+01 -5.834223091809907658e+01 -5.795201938631171856e+01
-5.799501141102106772e+01 -5.745849526380605710e+01 -5.719786364625849018e+01
-5.704580924466803538e+01 -5.676355990415967057e+01 -5.650360532026112281e+01
-5.666526164676711375e+01 -5.613117374948854632e+01 -5.571294777874430082e+01
-5.554654538807707809e+01 -5.505499947468601363e+01 -5.467018574520840701e+01
-5.507090377050815988e+01 -5.394080607954590789e+01 -5.304893316143237314e+01
-5.182092585482411096e+01 -5.045494534524462438e+01 -5.166957848282759613e+01
-4.830026754484755713e+01 -4.978072860865952265e+01 -4.577190990563011752e+01
-4.804039256540870184e+01 -4.450071194334602609e+01 -4.140167018581931302e+01
-3.778643798790806585e+01 -3.696738668655675042e+01 -3.542480489000602262e+01
-3.355039792233817764e+01 -3.092223796060467933e+01 -2.736033145681129497e+01
-2.671024492020115915e+01 -2.420094311629138772e+01 -1.820643128514298326e+01
-1.304957986040464490e+01 -1.407509807531794266e+01 -1.254054765492040246e+01
-1.409602721321823005e+01 -1.152888505827740673e+01 -9.651034322362960438e+00
-1.000026999108649228e+01 -7.548028646608561765e+00 -7.236608712910993724e+00
-6.376625421048354170e+00 -6.908692713190596635e+00 -5.784252533041210675e+00
-4.458538321578515706e+00 -4.451746855956475457e+00 -4.310545026975207250e+00
-2.982812593509249766e+00 -3.631886297012109743e+00 -2.943780965516319625e+00
-1.646227552104333025e+00 -1.951542106660715037e+00 -1.769982345834188564e+00
0.000000000000000000e+00 0.000000000000000000e+00 0.000000000000000000e+00
0.000000000000000000e+00 0.000000000000000000e+00 0.000000000000000000e+00
0.000000000000000000e+00 0.000000000000000000e+00 0.000000000000000000e+00
0.000000000000000000e+00 0.000000000000000000e+00 0.000000000000000000e+00
0.000000000000000000e+00 0.000000000000000000e+00 0.000000000000000000e+00
0.000000000000000000e+00 0.000000000000000000e+00 0.000000000000000000e+00
-3.115868083373115738e+01 -3.116001575951404234e+01 -3.115975909032525237e+01
-3.061427923120364625e+01 -3.057322438446601964e+01 -3.046750371435018323e+01
-3.181119791384544371e+01 -3.160742957959696398e+01 -2.980990807283136235e+01
-3.366551214907514122e+01 -3.208573523843263331e+01 -3.199322450209294644e+01
-3.531336821510734580e+01 -3.425178927618643598e+01 -3.315537845681542706e+01
-3.712705134276239960e+01 -3.646406373141538637e+01 -3.565255443590235984e+01
-4.057362239379783375e+01 -3.900611814703304958e+01 -3.750557164841674762e+01
-4.618387079374307547e+01 -4.468501243166379311e+01 -4.177157918630739886e+01
-5.039251133499256952e+01 -4.907913707000221848e+01 -4.903319952247692726e+01
-5.216042124469534969e+01 -5.146799884279496240e+01 -5.130455690616418707e+01
-5.449647735510608015e+01 -5.428827772489552927e+01 -5.246311422454532902e+01
-5.628016846327934530e+01 -5.570376668941658238e+01 -5.395725703339074641e+01
-5.744502147962813865e+01 -5.698315985438268427e+01 -5.605233923764958348e+01
-5.813406517228903425e+01 -5.741058121595173702e+01 -5.689546265875111430e+01
-5.871064014548361598e+01 -5.769280973900748677e+01 -5.717299195590137373e+01
-5.849478799696325382e+01 -5.831095290783080287e+01 -5.727285808499458142e+01
-5.861100548974601310e+01 -5.886829323778300704e+01 -5.766237530977564774e+01
-5.955484593728684217e+01 -5.855481872078038208e+01 -5.769710486849763242e+01
-5.830779357821584341e+01 -5.780349958564708146e+01 -5.753625576904967431e+01
-5.841751839559465509e+01 -5.776015701424087467e+01 -5.703201003045131046e+01
-5.735075961375665088e+01 -5.705464707950863357e+01 -5.647121978088193117e+01
-5.661204417990892068e+01 -5.628524019993200511e+01 -5.579530500032511497e+01
-5.636857682954548920e+01 -5.598974552076627020e+01 -5.506907941424845632e+01
-5.615682797760180023e+01 -5.467001626714607454e+01 -5.424236289047713910e+01
-5.505182919352807858e+01 -5.417244630070818090e+01 -5.309906558076042415e+01
-5.405358663907512806e+01 -5.348063746837903665e+01 -5.118684794145529793e+01
-5.048634522616236353e+01 -4.936919815490475116e+01 -4.868114153141895883e+01
-4.981244379136636979e+01 -4.727890543852287664e+01 -4.598817484396330713e+01
-4.644945595828610152e+01 -4.629647013856043003e+01 -4.318977396807144231e+01
-4.584486322044545403e+01 -4.308057712667579153e+01 -3.768792256003672492e+01
-4.155308819235322915e+01 -3.017552546367620181e+01 -2.958850686614190550e+01
-3.351994893012832932e+01 -3.148497239002180947e+01 -2.072790250923841526e+01
-2.037115309855882828e+01 -1.564640588015554812e+01 -1.532812621465559033e+01
-1.482150323858723695e+01 -1.641675050373837053e+01 -1.187060881211176877e+01
-1.107965720890843819e+01 -9.899949416044250938e+00 -9.694362225635568819e+00
-9.028093446019324730e+00 -9.091521530634510739e+00 -8.138805076880677447e+00
-7.274699683101597536e+00 -7.205711884467873141e+00 -6.739567614190829836e+00
-6.246914270203736130e+00 -6.414419556134110856e+00 -5.550916563062387787e+00
-4.862936981207017340e+00 -4.674517684125362393e+00 -4.427790702547353519e+00
-3.485367836681224407e+00 -3.385684751121558644e+00 -3.305389152576502454e+00
-2.648766782580032952e+00 -2.333157000092866085e+00 -2.185491259895228744e+00
-1.493944671461252760e+00 -1.388417362271367361e+00 -1.099336692955771300e+00
0.000000000000000000e+00 0.000000000000000000e+00 0.000000000000000000e+00
0.000000000000000000e+00 0.000000000000000000e+00 0.000000000000000000e+00
0.000000000000000000e+00 0.000000000000000000e+00 0.000000000000000000e+00
0.000000000000000000e+00 0.000000000000000000e+00 0.000000000000000000e+00
0.000000000000000000e+00 0.000000000000000000e+00 0.000000000000000000e+00
0.000000000000000000e+00 0.000000000000000000e+00 0.000000000000000000e+00
0.000000000000000000e+00 0.000000000000000000e+00 0.000000000000000000e+00
0.000000000000000000e+00 0.000000000000000000e+00 0.000000000000000000e+00
-2.950769515693582079e+01 -2.946309983990589032e+01 -2.945725537559687979e+01
-2.890631701909259732e+01 -2.891387257342465844e+01 -2.889934804242048827e+01
-2.983194846879974449e+01 -2.938940974835949405e+01 -2.818235460749214383e+01
-3.049958408944418409e+01 -2.993814171612939390e+01 -2.873272628864604528e+01
-3.174661486681620204e+01 -3.146607846518567797e+01 -3.076753676237389712e+01
-3.300874036713726412e+01 -3.489839921186413818e+01 -3.205579856480819956e+01
-3.783665069615233989e+01 -3.790585508729489561e+01 -3.428718426085154647e+01
-3.869497450944772510e+01 -3.720873807692155566e+01 -3.744797453624323680e+01
-4.479421537765956174e+01 -4.458084615603496559e+01 -3.790777233088677889e+01
-4.933842277407354970e+01 -4.805029441262178125e+01 -4.402105672326764108e+01
-5.051969280693460718e+01 -5.050550298774163593e+01 -4.861960153857821609e+01
-5.119679010987126588e+01 -5.016528915824360979e+01 -5.000987565775537291e+01
-5.296619900697434247e+01 -5.139889284496073429e+01 -5.034464258691770056e+01
-5.183148648592666774e+01 -5.169860329486167672e+01 -5.089132432649822846e+01
-5.351375246840383682e+01 -5.201153558518735309e+01 -5.105365366538544691e+01
-5.287713090859759291e+01 -5.342855934269840645e+01 -5.091402102308760647e+01
-5.220175254236604445e+01 -5.376616301925835018e+01 -5.068943785287245873e+01
-5.376975824452280506e+01 -5.051625058553360503e+01 -5.014702128791765290e+01
-5.190028518008728042e+01 -5.079285048940975855e+01 -4.923591053555838926e+01
-4.943409682740678335e+01 -4.819348832790677761e+01 -4.793617289306773444e+01
-4.909757507860270920e+01 -4.852465536032386950e+01 -4.639669616697578647e+01
-5.021956671374987025e+01 -4.904568486661101190e+01 -4.488587213100971951e+01
-4.953168758591603904e+01 -4.742909082570541557e+01 -4.295435459128852074e+01
-4.224175002976310367e+01 -4.349485826552647438e+01 -3.949085766202164649e+01
-3.585213247304619699e+01 -3.592782101448514709e+01 -3.147955573924631523e+01
-2.981349679796195673e+01 -3.567314595474293526e+01 -2.449121170786671442e+01
-2.783404522452900665e+01 -2.429118018740245333e+01 -2.060936585727846193e+01
-2.187123445003116018e+01 -2.163546470838338465e+01 -1.645416505101896831e+01
-1.644550114939978869e+01 -1.466294062283366095e+01 -1.427689350714313044e+01
-1.373080832134421314e+01 -1.477606788322865405e+01 -1.193981188630119661e+01
-1.191880907589115957e+01 -1.076393447203270348e+01 -9.978407696674663541e+00
-9.777809166317855016e+00 -9.242712245302739049e+00 -8.635971404202297919e+00
-7.953983641888080491e+00 -7.624744129061552300e+00 -7.755804691248395777e+00
-6.959649751347031454e+00 -6.865692170879063916e+00 -6.594510933633960015e+00
-6.141051126359141854e+00 -6.286704165246760567e+00 -5.629313824176091607e+00
-5.135902101090926486e+00 -4.862839079191201286e+00 -4.703176030817923348e+00
-3.925513030054057939e+00 -3.914563806168931404e+00 -3.760870340296199821e+00
-3.021789003973868404e+00 -2.905883951254769393e+00 -2.823640616452620655e+00
-2.016919513374153983e+00 -1.995806169551288090e+00 -1.908777089783281866e+00
-1.047334994885734671e+00 -1.006827586206896497e+00 -1.000000000000000000e+00
0.000000000000000000e+00 0.000000000000000000e+00 0.000000000000000000e+00
0.000000000000000000e+00 0.000000000000000000e+00 0.000000000000000000e+00
0.000000000000000000e+00 0.000000000000000000e+00 0.000000000000000000e+00
0.000000000000000000e+00 0.000000000000000000e+00 0.000000000000000000e+00
0.000000000000000000e+00 0.000000000000000000e+00 0.000000000000000000e+00
0.000000000000000000e+00 0.000000000000000000e+00 0.000000000000000000e+00
0.000000000000000000e+00 0.000000000000000000e+00 0.000000000000000000e+00
0.000000000000000000e+00 0.000000000000000000e+00 0.000000000000000000e+00
0.000000000000000000e+00 0.000000000000000000e+00 0.000000000000000000e+00
0.000000000000000000e+00 0.000000000000000000e+00 0.000000000000000000e+00
-2.771389246019998964e+01 -2.781654613612138505e+01 -2.781675257737145657e+01
-2.710344997789175281e+01 -2.710331097735953065e+01 -2.710362085024081935e+01
-2.665106681993222892e+01 -2.666173361950759357e+01 -2.642940945466896707e+01
-2.668461382391229719e+01 -2.657637316169283892e+01 -2.601484610357934102e+01
-2.693932391502524126e+01 -2.664142884828054036e+01 -2.571435633215001459e+01
-2.769630705797092318e+01 -2.761252996449104202e+01 -2.617664296358078957e+01
-2.951409758005184969e+01 -2.894189089711037965e+01 -2.786467700502147338e+01
-3.050188683968502801e+01 -2.944682925823851249e+01 -2.842319775132913051e+01
-3.455832977372266157e+01 -3.154520447482810752e+01 -2.933260819068915382e+01
-3.207826931928207159e+01 -3.207549160366696839e+01 -3.069401727468123298e+01
-3.434483281338167160e+01 -3.231414172112157246e+01 -3.136413349811213180e+01
-3.694388281562568466e+01 -3.273730481158725070e+01 -3.149039329879878579e+01
-3.283462157660911629e+01 -3.283214249816811048e+01 -3.212063127748412228e+01
-3.638999154347704490e+01 -3.528491522041069572e+01 -3.215242723126021929e+01
-3.427000499414189960e+01 -3.517376059607021688e+01 -3.222450625463183371e+01
-3.605481827797708405e+01 -3.636841511013695794e+01 -3.163137592951164123e+01
-3.518835309493066887e+01 -3.276806710958424418e+01 -3.061661488380473628e+01
-3.098397443040637356e+01 -2.963315308967656847e+01 -3.229358970857553857e+01
-2.973494961287748950e+01 -2.843173900942970533e+01 -2.636967947033369342e+01
-3.273402217686042093e+01 -3.530959972605491259e+01 -2.450115886475842331e+01
-2.593277395866834212e+01 -2.552634050858133108e+01 -2.220887146169073745e+01
-2.570097294712230962e+01 -2.321198415940031268e+01 -1.952736300879743681e+01
-1.757557755814280753e+01 -1.700506330442633640e+01 -1.651789290901788121e+01
-1.693247217410830530e+01 -1.722221167818248233e+01 -1.419971456787453512e+01
-1.386508697768307385e+01 -1.475843549474257799e+01 -1.264004582427084600e+01
-1.271182574346792293e+01 -1.362548464013435812e+01 -1.163292555546892615e+01
-1.151605786361402473e+01 -1.107925813094846923e+01 -1.075606787427588174e+01
-1.058863293074816347e+01 -1.019042680946636814e+01 -9.857808846526793900e+00
-9.550195967272765429e+00 -9.409619820303863236e+00 -9.082738096010199769e+00
-8.431787541329711644e+00 -8.529517499911467127e+00 -8.108972955643579894e+00
-7.368804178091440171e+00 -7.521779821814153166e+00 -7.359692249649764761e+00
-6.548931573945408147e+00 -6.572395154915073867e+00 -6.584606920236273808e+00
-5.655667325215691932e+00 -5.659887535725832031e+00 -5.666456324138066769e+00
-4.724008462390291818e+00 -4.724008462390291818e+00 -4.724750976867333918e+00
0.000000000000000000e+00 0.000000000000000000e+00 0.000000000000000000e+00
0.000000000000000000e+00 0.000000000000000000e+00 0.000000000000000000e+00
0.000000000000000000e+00 0.000000000000000000e+00 0.000000000000000000e+00
-1.000000000000000000e+00 0.000000000000000000e+00 0.000000000000000000e+00
0.000000000000000000e+00 0.000000000000000000e+00 0.000000000000000000e+00
0.000000000000000000e+00 0.000000000000000000e+00 0.000000000000000000e+00
0.000000000000000000e+00 0.000000000000000000e+00 0.000000000000000000e+00
0.000000000000000000e+00 0.000000000000000000e+00 0.000000000000000000e+00
0.000000000000000000e+00 0.000000000000000000e+00 0.000000000000000000e+00
0.000000000000000000e+00 0.000000000000000000e+00 0.000000000000000000e+00
0.000000000000000000e+00 0.000000000000000000e+00 0.000000000000000000e+00
0.000000000000000000e+00 0.000000000000000000e+00 0.000000000000000000e+00
0.000000000000000000e+00 0.000000000000000000e+00 0.000000000000000000e+00
0.000000000000000000e+00 0.000000000000000000e+00 0.000000000000000000e+00
0.000000000000000000e+00 0.000000000000000000e+00 0.000000000000000000e+00
0.000000000000000000e+00 0.000000000000000000e+00 0.000000000000000000e+00
0.000000000000000000e+00 0.000000000000000000e+00 0.000000000000000000e+00
-2.499902043301345955e+01 -2.498742570637164917e+01 0.000000000000000000e+00
-2.474969347999304858e+01 -2.475105363599706365e+01 -2.476707872204739402e+01
-2.424909809119581539e+01 -2.434958305915725418e+01 -2.423204471216544320e+01
-2.357383816133016907e+01 -2.369809266259633418e+01 -2.369268827827450252e+01
-2.416284538242900481e+01 -2.324580942859029165e+01 -2.323671335569966701e+01
-2.325578095426288883e+01 -2.275160919593432141e+01 -2.269191810456235814e+01
-2.549406425784437147e+01 -2.222731267638787145e+01 -2.211542259569343472e+01
-2.442233695896516110e+01 -2.172198001840098414e+01 -2.164721600909567911e+01
-2.334880317527018789e+01 -2.168847638703028835e+01 -2.122340744859440420e+01
-2.246373485078868981e+01 -2.172327688313759708e+01 -2.068376976567463998e+01
-2.309187542664946591e+01 -2.257479635652846639e+01 -2.012404177032331987e+01
-2.171313909548413079e+01 -2.261477333235997023e+01 -1.981211738197014327e+01
-2.036350411193816967e+01 -1.972306084762420753e+01 -1.903879888500351569e+01
-2.277322308940729911e+01 -2.086898146279692057e+01 -1.872909736501742373e+01
-1.994197930481923819e+01 -1.851308851124710131e+01 -1.770979944419318741e+01
-1.909609483476317493e+01 -1.851022440826704951e+01 -1.699981234762017124e+01
-1.774348949171023193e+01 -1.809187662406491270e+01 -1.626847456548282622e+01
-1.756749808315576900e+01 -1.648728645666842851e+01 -1.541665104512954620e+01
-1.607737257595991309e+01 -1.537134850122049912e+01 -1.462356792405060801e+01
-1.462632669814327180e+01 -1.403242764312360791e+01 -1.374932890887592229e+01
-1.336445223545533345e+01 -1.331445296213671803e+01 -1.288847841109158665e+01
-1.219858371971620592e+01 -1.201975345097087455e+01 -1.210563595890817723e+01
-1.150974296092609173e+01 -1.147324672734266393e+01 -1.164540161724868739e+01
-1.076390782648861766e+01 0.000000000000000000e+00 0.000000000000000000e+00
0.000000000000000000e+00 0.000000000000000000e+00 0.000000000000000000e+00
0.000000000000000000e+00 0.000000000000000000e+00 0.000000000000000000e+00
0.000000000000000000e+00 0.000000000000000000e+00 0.000000000000000000e+00
0.000000000000000000e+00 0.000000000000000000e+00 0.000000000000000000e+00
0.000000000000000000e+00 0.000000000000000000e+00 0.000000000000000000e+00
0.000000000000000000e+00 0.000000000000000000e+00 0.000000000000000000e+00
0.000000000000000000e+00 0.000000000000000000e+00 0.000000000000000000e+00
0.000000000000000000e+00 0.000000000000000000e+00 0.000000000000000000e+00
0.000000000000000000e+00 0.000000000000000000e+00 0.000000000000000000e+00
0.000000000000000000e+00 0.000000000000000000e+00 0.000000000000000000e+00
0.000000000000000000e+00 0.000000000000000000e+00 0.000000000000000000e+00
0.000000000000000000e+00 0.000000000000000000e+00 0.000000000000000000e+00
0.000000000000000000e+00 0.000000000000000000e+00 0.000000000000000000e+00
0.000000000000000000e+00 0.000000000000000000e+00 0.000000000000000000e+00
0.000000000000000000e+00 0.000000000000000000e+00 0.000000000000000000e+00
0.000000000000000000e+00 0.000000000000000000e+00 0.000000000000000000e+00
0.000000000000000000e+00 0.000000000000000000e+00 0.000000000000000000e+00
0.000000000000000000e+00 0.000000000000000000e+00 0.000000000000000000e+00
0.000000000000000000e+00 0.000000000000000000e+00 0.000000000000000000e+00
0.000000000000000000e+00 0.000000000000000000e+00 0.000000000000000000e+00
0.000000000000000000e+00 0.000000000000000000e+00 0.000000000000000000e+00
0.000000000000000000e+00 0.000000000000000000e+00 0.000000000000000000e+00
0.000000000000000000e+00 0.000000000000000000e+00 0.000000000000000000e+00
0.000000000000000000e+00 0.000000000000000000e+00 0.000000000000000000e+00
0.000000000000000000e+00 0.000000000000000000e+00 0.000000000000000000e+00
0.000000000000000000e+00 0.000000000000000000e+00 0.000000000000000000e+00
0.000000000000000000e+00 0.000000000000000000e+00 0.000000000000000000e+00
0.000000000000000000e+00 0.000000000000000000e+00 0.000000000000000000e+00
0.000000000000000000e+00 0.000000000000000000e+00 0.000000000000000000e+00
0.000000000000000000e+00 0.000000000000000000e+00 0.000000000000000000e+00
-2.202085837180633376e+01 0.000000000000000000e+00 0.000000000000000000e+00
-2.148951907686349116e+01 -2.122965566063417242e+01 -2.110811620067052274e+01
-2.148951907686349116e+01 -2.092280135262008756e+01 -2.049537918244039858e+01
-2.061724523735266246e+01 -2.056325281981153097e+01 -2.003500244015384979e+01
-2.023192540144254181e+01 -2.016972666479477283e+01 -1.967772089141961800e+01
-1.954180639136724906e+01 -1.951100044757723140e+01 -1.891132130528977484e+01
-1.930124682624915877e+01 -1.920020585038279037e+01 -1.879080859039833129e+01
-1.853412851985564558e+01 -1.822424731362797345e+01 -1.798868404861999082e+01
-1.747571100941065581e+01 -1.722013460115800854e+01 -1.783192069596982776e+01
-1.710578981982799718e+01 -1.710440772958718370e+01 -1.677122438751100120e+01
-1.547518435928175684e+01 -1.546787235124248205e+01 -1.546787235124248205e+01
-1.546787235124248205e+01 -1.546787235124248205e+01 -1.546787235124248205e+01
0.000000000000000000e+00 0.000000000000000000e+00 0.000000000000000000e+00
0.000000000000000000e+00 0.000000000000000000e+00 0.000000000000000000e+00
0.000000000000000000e+00 0.000000000000000000e+00 0.000000000000000000e+00
0.000000000000000000e+00 0.000000000000000000e+00 0.000000000000000000e+00
0.000000000000000000e+00 0.000000000000000000e+00 0.000000000000000000e+00
0.000000000000000000e+00 0.000000000000000000e+00 0.000000000000000000e+00
0.000000000000000000e+00 0.000000000000000000e+00 0.000000000000000000e+00
0.000000000000000000e+00 0.000000000000000000e+00 0.000000000000000000e+00
0.000000000000000000e+00 0.000000000000000000e+00 0.000000000000000000e+00
0.000000000000000000e+00 0.000000000000000000e+00 0.000000000000000000e+00
0.000000000000000000e+00 0.000000000000000000e+00 0.000000000000000000e+00
0.000000000000000000e+00 0.000000000000000000e+00 0.000000000000000000e+00
0.000000000000000000e+00 0.000000000000000000e+00 0.000000000000000000e+00
0.000000000000000000e+00 0.000000000000000000e+00 0.000000000000000000e+00
0.000000000000000000e+00 0.000000000000000000e+00 0.000000000000000000e+00
0.000000000000000000e+00 0.000000000000000000e+00 0.000000000000000000e+00
0.000000000000000000e+00 0.000000000000000000e+00 0.000000000000000000e+00
0.000000000000000000e+00 0.000000000000000000e+00 0.000000000000000000e+00
0.000000000000000000e+00 0.000000000000000000e+00 0.000000000000000000e+00
0.000000000000000000e+00 0.000000000000000000e+00 0.000000000000000000e+00
0.000000000000000000e+00 0.000000000000000000e+00 0.000000000000000000e+00
0.000000000000000000e+00 0.000000000000000000e+00 0.000000000000000000e+00
0.000000000000000000e+00 0.000000000000000000e+00 0.000000000000000000e+00
0.000000000000000000e+00 0.000000000000000000e+00 0.000000000000000000e+00
0.000000000000000000e+00 0.000000000000000000e+00 0.000000000000000000e+00
0.000000000000000000e+00 0.000000000000000000e+00 0.000000000000000000e+00
0.000000000000000000e+00 0.000000000000000000e+00 0.000000000000000000e+00
0.000000000000000000e+00 0.000000000000000000e+00 0.000000000000000000e+00
0.000000000000000000e+00 0.000000000000000000e+00 0.000000000000000000e+00
0.000000000000000000e+00 0.000000000000000000e+00 0.000000000000000000e+00
0.000000000000000000e+00 0.000000000000000000e+00 0.000000000000000000e+00
0.000000000000000000e+00 0.000000000000000000e+00 0.000000000000000000e+00
0.000000000000000000e+00 0.000000000000000000e+00 0.000000000000000000e+00
0.000000000000000000e+00 0.000000000000000000e+00 0.000000000000000000e+00
0.000000000000000000e+00 0.000000000000000000e+00 0.000000000000000000e+00
0.000000000000000000e+00 0.000000000000000000e+00 0.000000000000000000e+00
0.000000000000000000e+00 0.000000000000000000e+00 0.000000000000000000e+00
0.000000000000000000e+00 0.000000000000000000e+00 0.000000000000000000e+00
0.000000000000000000e+00 0.000000000000000000e+00 0.000000000000000000e+00
0.000000000000000000e+00 0.000000000000000000e+00 0.000000000000000000e+00
0.000000000000000000e+00 0.000000000000000000e+00 0.000000000000000000e+00
0.000000000000000000e+00 0.000000000000000000e+00 0.000000000000000000e+00
0.000000000000000000e+00 0.000000000000000000e+00 0.000000000000000000e+00
0.000000000000000000e+00 0.000000000000000000e+00 0.000000000000000000e+00
0.000000000000000000e+00 0.000000000000000000e+00 0.000000000000000000e+00
0.000000000000000000e+00 0.000000000000000000e+00 0.000000000000000000e+00
0.000000000000000000e+00 0.000000000000000000e+00 0.000000000000000000e+00
0.000000000000000000e+00 0.000000000000000000e+00 0.000000000000000000e+00
0.000000000000000000e+00 0.000000000000000000e+00 0.000000000000000000e+00
0.000000000000000000e+00 0.000000000000000000e+00 0.000000000000000000e+00
0.000000000000000000e+00 0.000000000000000000e+00 0.000000000000000000e+00
0.000000000000000000e+00 0.000000000000000000e+00 0.000000000000000000e+00
0.000000000000000000e+00 0.000000000000000000e+00 0.000000000000000000e+00
0.000000000000000000e+00 0.000000000000000000e+00 0.000000000000000000e+00
0.000000000000000000e+00 0.000000000000000000e+00 0.000000000000000000e+00
0.000000000000000000e+00 0.000000000000000000e+00 0.000000000000000000e+00
0.000000000000000000e+00 0.000000000000000000e+00 0.000000000000000000e+00
0.000000000000000000e+00 0.000000000000000000e+00 0.000000000000000000e+00
0.000000000000000000e+00 0.000000000000000000e+00 0.000000000000000000e+00
0.000000000000000000e+00 0.000000000000000000e+00 0.000000000000000000e+00
0.000000000000000000e+00 0.000000000000000000e+00 0.000000000000000000e+00
0.000000000000000000e+00 0.000000000000000000e+00 0.000000000000000000e+00
0.000000000000000000e+00 0.000000000000000000e+00 0.000000000000000000e+00
0.000000000000000000e+00 0.000000000000000000e+00 0.000000000000000000e+00
0.000000000000000000e+00 0.000000000000000000e+00 0.000000000000000000e+00
0.000000000000000000e+00 0.000000000000000000e+00 0.000000000000000000e+00
0.000000000000000000e+00 0.000000000000000000e+00 0.000000000000000000e+00
0.000000000000000000e+00 0.000000000000000000e+00 0.000000000000000000e+00
