-1.347743062700969649e+160 0.000000000000000000e+00 0.000000000000000000e+00 0.000000000000000000e+00 0.000000000000000000e+00 -6.049018659702355706e+159 -9.349561453976218969e+159 0.000000000000000000e+00 0.000000000000000000e+00 -2.392515548977956852e+160 -1.765364732659273421e+160 0.000000000000000000e+00 0.000000000000000000e+00 0.000000000000000000e+00 0.000000000000000000e+00 0.000000000000000000e+00 0.000000000000000000e+00 0.000000000000000000e+00 0.000000000000000000e+00
-1.344228793781698732e+160 0.000000000000000000e+00 0.000000000000000000e+00 0.000000000000000000e+00 0.000000000000000000e+00 -3.634310056029725083e+159 0.000000000000000000e+00 0.000000000000000000e+00 -1.802881029926170256e+160 -1.172381326785792991e+160 0.000000000000000000e+00 -8.660435424319796411e+159 0.000000000000000000e+00 0.000000000000000000e+00 0.000000000000000000e+00 0.000000000000000000e+00 0.000000000000000000e+00 0.000000000000000000e+00 0.000000000000000000e+00
-3.803768994172608945e+160 0.000000000000000000e+00 0.000000000000000000e+00 0.000000000000000000e+00 0.000000000000000000e+00 -9.331751491141265318e+159 0.000000000000000000e+00 -2.436772483984277863e+160 0.000000000000000000e+00 0.000000000000000000e+00 0.000000000000000000e+00 -1.344228793781698732e+160 0.000000000000000000e+00 0.000000000000000000e+00 0.000000000000000000e+00 0.000000000000000000e+00 0.000000000000000000e+00 0.000000000000000000e+00 0.000000000000000000e+00
0.000000000000000000e+00 0.000000000000000000e+00 0.000000000000000000e+00 0.000000000000000000e+00 -1.207915937702507254e+160 0.000000000000000000e+00 -1.337496503030439293e+160 0.000000000000000000e+00 0.000000000000000000e+00 0.000000000000000000e+00 0.000000000000000000e+00 0.000000000000000000e+00 -1.337943201667365323e+160 0.000000000000000000e+00 0.000000000000000000e+00 0.000000000000000000e+00 0.000000000000000000e+00 0.000000000000000000e+00 0.000000000000000000e+00
0.000000000000000000e+00 0.000000000000000000e+00 0.000000000000000000e+00 0.000000000000000000e+00 -1.113747158783658804e+160 0.000000000000000000e+00 -1.105134723892814560e+160 -3.493867708762750975e+160 -2.852172320663187614e+160 -3.140780932240482935e+160 -1.192114505422752687e+160 0.000000000000000000e+00 -8.919099587619302332e+159 0.000000000000000000e+00 0.000000000000000000e+00 0.000000000000000000e+00 0.000000000000000000e+00 0.000000000000000000e+00 0.000000000000000000e+00
0.000000000000000000e+00 0.000000000000000000e+00 0.000000000000000000e+00 0.000000000000000000e+00 -1.166544622401679668e+160 -1.077702159092659557e+160 0.000000000000000000e+00 -2.993820341634778015e+160 -2.832849754982744655e+160 -2.909393366333837100e+160 -2.648154774380840465e+160 0.000000000000000000e+00 -5.588644903504577948e+159 0.000000000000000000e+00 0.000000000000000000e+00 0.000000000000000000e+00 0.000000000000000000e+00 0.000000000000000000e+00 0.000000000000000000e+00
0.000000000000000000e+00 0.000000000000000000e+00 0.000000000000000000e+00 0.000000000000000000e+00 -7.298212877230671263e+159 -1.124707059924209420e+160 -1.125486267898361406e+160 -3.711684472416216517e+160 -4.098669576506221917e+160 -3.579510415003837333e+160 -2.797628234658115456e+160 -1.260525165268779305e+160 0.000000000000000000e+00 -1.310263182139882773e+160 0.000000000000000000e+00 0.000000000000000000e+00 0.000000000000000000e+00 0.000000000000000000e+00 0.000000000000000000e+00
0.000000000000000000e+00 0.000000000000000000e+00 0.000000000000000000e+00 0.000000000000000000e+00 -7.270426689542917062e+159 -9.691840432958309321e+159 -3.653700090949521321e+160 -3.039987417719169640e+160 -3.347595272337483680e+160 -3.200953030271653156e+160 -3.748132317160177489e+160 -1.327176996707729451e+160 0.000000000000000000e+00 -8.428447009923082044e+159 0.000000000000000000e+00 0.000000000000000000e+00 0.000000000000000000e+00 0.000000000000000000e+00 0.000000000000000000e+00
0.000000000000000000e+00 0.000000000000000000e+00 0.000000000000000000e+00 0.000000000000000000e+00 -1.020245067403118949e+160 -1.275645090666618793e+160 -3.612912945905734772e+160 -3.770223493490662830e+160 -2.932230253836492076e+160 -2.884309480113274353e+160 -3.491717635254748641e+160 -2.734252319093790971e+160 -1.147392064462554601e+160 -1.296080163954823400e+160 0.000000000000000000e+00 0.000000000000000000e+00 0.000000000000000000e+00 0.000000000000000000e+00 0.000000000000000000e+00
0.000000000000000000e+00 0.000000000000000000e+00 0.000000000000000000e+00 -7.198196424923234370e+159 -7.699999719766945317e+159 -9.895391872111057833e+159 -2.979822050467903695e+160 -3.605188135190179491e+160 -2.821610424869831900e+160 -2.766698464841269777e+160 -3.475105453181223969e+160 -3.025786177124369433e+160 -9.029237169629824769e+159 0.000000000000000000e+00 -9.871868624982687334e+159 0.000000000000000000e+00 0.000000000000000000e+00 0.000000000000000000e+00 0.000000000000000000e+00
0.000000000000000000e+00 0.000000000000000000e+00 0.000000000000000000e+00 -6.295457184038248876e+159 -1.255489411037017442e+160 -2.875094423790821756e+160 -3.478934860647801964e+160 -2.707923594765910459e+160 -2.287662326587442747e+160 -3.379421491724384347e+160 -3.871648807181808068e+160 -3.764382594996074235e+160 -1.166912199478338734e+160 0.000000000000000000e+00 -1.132291599599729550e+160 0.000000000000000000e+00 0.000000000000000000e+00 0.000000000000000000e+00 0.000000000000000000e+00
0.000000000000000000e+00 0.000000000000000000e+00 0.000000000000000000e+00 -1.097897589060449249e+160 -1.289838664274701644e+160 -3.617758755233055788e+160 -2.907406952007325325e+160 -3.267966267887254502e+160 -2.240160323541635493e+160 -4.151021563178017901e+160 -4.042644345270450342e+160 -2.861477101616822951e+160 -3.327163586934123742e+160 0.000000000000000000e+00 -1.051594148711971581e+160 0.000000000000000000e+00 0.000000000000000000e+00 0.000000000000000000e+00 0.000000000000000000e+00
0.000000000000000000e+00 0.000000000000000000e+00 0.000000000000000000e+00 -9.968958535546321244e+159 -6.123262384865048988e+159 -3.570139437854964091e+160 -2.953657323021968583e+160 -3.860235059704767095e+160 -3.426228436004672626e+160 -4.013895827045588716e+160 -3.912537824928468794e+160 -3.690172395730448452e+160 -3.297340141249772389e+160 0.000000000000000000e+00 -7.978888790134736184e+159 0.000000000000000000e+00 0.000000000000000000e+00 0.000000000000000000e+00 0.000000000000000000e+00
0.000000000000000000e+00 0.000000000000000000e+00 0.000000000000000000e+00 -1.188727322844056232e+160 -4.524846268499608917e+159 -3.224462591406402974e+160 -3.067833751202088245e+160 -3.458956204084787585e+160 -3.290483719654266842e+160 -2.942346084482399424e+160 -3.108417195510977125e+160 -3.829836524780103916e+160 -3.698944931277261004e+160 -9.681553728706599245e+159 -1.072038590471467790e+160 0.000000000000000000e+00 0.000000000000000000e+00 0.000000000000000000e+00 0.000000000000000000e+00
0.000000000000000000e+00 0.000000000000000000e+00 0.000000000000000000e+00 -5.644655997317683988e+159 -1.048125730146868459e+160 -3.227126810130336447e+160 -3.082261562292729817e+160 -2.629218787596664468e+160 -3.007846721287400778e+160 -3.555910355144454320e+160 -3.079157466791268307e+160 -3.853655250719908137e+160 -3.194314009812486405e+160 -1.129690907007451806e+160 -9.829909628945111958e+159 0.000000000000000000e+00 0.000000000000000000e+00 0.000000000000000000e+00 0.000000000000000000e+00
0.000000000000000000e+00 0.000000000000000000e+00 0.000000000000000000e+00 -6.392585740422448015e+159 -1.203924736696902192e+160 -3.043895884635835932e+160 -2.685525315021928926e+160 -2.699501563715543494e+160 -3.315789676946708271e+160 -2.686594818381812784e+160 -2.597656061796439772e+160 -3.240820487312795088e+160 -3.801023211680122790e+160 -2.680889020241849274e+160 -7.396083364805855023e+159 0.000000000000000000e+00 0.000000000000000000e+00 0.000000000000000000e+00 0.000000000000000000e+00
0.000000000000000000e+00 0.000000000000000000e+00 0.000000000000000000e+00 -1.086854313160926786e+160 -1.242535189406384114e+160 -3.537945808166885227e+160 -2.672667803227612253e+160 -2.909735311700027628e+160 -3.109430046943044332e+160 -2.786301254600245833e+160 -3.774736115585583913e+160 -3.536142456098675464e+160 -3.895576420282557681e+160 -2.148984455731526573e+160 0.000000000000000000e+00 0.000000000000000000e+00 0.000000000000000000e+00 0.000000000000000000e+00 0.000000000000000000e+00
0.000000000000000000e+00 0.000000000000000000e+00 0.000000000000000000e+00 0.000000000000000000e+00 -1.328984007357298549e+160 -3.325109413658417930e+160 -2.936932754191547378e+160 -1.915699545497725654e+160 -2.182717322192843320e+160 -2.587856680974032786e+160 -3.429658495833170006e+160 -3.331519597390513495e+160 -3.404616396071401118e+160 -1.649630305104457923e+160 -9.312188156373489453e+159 0.000000000000000000e+00 0.000000000000000000e+00 0.000000000000000000e+00 0.000000000000000000e+00
0.000000000000000000e+00 0.000000000000000000e+00 0.000000000000000000e+00 0.000000000000000000e+00 -1.112839861831680520e+160 -3.891653896604022858e+160 -3.133850021131655584e+160 -2.085221428835693333e+160 -2.812413113835238097e+160 -3.302828989356802375e+160 -3.298338528713563418e+160 -3.941327591921217448e+160 -2.963819236303133166e+160 -1.019006156803803250e+160 -1.285091047630024138e+160 0.000000000000000000e+00 0.000000000000000000e+00 0.000000000000000000e+00 0.000000000000000000e+00
0.000000000000000000e+00 0.000000000000000000e+00 0.000000000000000000e+00 0.000000000000000000e+00 -8.419593897461091431e+159 -3.912561574337811817e+160 -3.054993203183918882e+160 -3.302847001128125334e+160 -2.636599839179359465e+160 -3.480018651455246101e+160 -3.556914008510732297e+160 -4.319536073457988866e+160 -3.212789320430843084e+160 -1.934246814467166007e+160 0.000000000000000000e+00 0.000000000000000000e+00 0.000000000000000000e+00 0.000000000000000000e+00 0.000000000000000000e+00
0.000000000000000000e+00 0.000000000000000000e+00 0.000000000000000000e+00 0.000000000000000000e+00 -1.264720210616208432e+160 -2.712040502091270468e+160 -3.723602937158991825e+160 -3.052980924492104495e+160 -3.766347459844128397e+160 -3.719551519863093734e+160 -4.440839984207670009e+160 -4.421001183384680817e+160 -2.802217007062135813e+160 -1.283444251889723567e+160 0.000000000000000000e+00 0.000000000000000000e+00 0.000000000000000000e+00 0.000000000000000000e+00 0.000000000000000000e+00
0.000000000000000000e+00 0.000000000000000000e+00 0.000000000000000000e+00 0.000000000000000000e+00 -1.206798217328539537e+160 0.000000000000000000e+00 -3.624463692880304675e+160 -3.623239734942259080e+160 -3.437429038864974566e+160 -3.026661084727686743e+160 -3.628317437390623376e+160 -4.166087183915027181e+160 -2.502448782516234642e+160 -1.347767906896550390e+160 0.000000000000000000e+00 0.000000000000000000e+00 0.000000000000000000e+00 0.000000000000000000e+00 0.000000000000000000e+00
0.000000000000000000e+00 0.000000000000000000e+00 0.000000000000000000e+00 0.000000000000000000e+00 -1.138593740461451849e+160 -5.997321574793364096e+159 -4.051101577936231116e+160 -3.267290792670770009e+160 -3.590240956258966395e+160 -3.242906359149969296e+160 -3.429187266517166657e+160 -4.037305922831426262e+160 -2.319265361813017865e+160 -1.342990039082602567e+160 0.000000000000000000e+00 0.000000000000000000e+00 0.000000000000000000e+00 0.000000000000000000e+00 0.000000000000000000e+00
0.000000000000000000e+00 0.000000000000000000e+00 0.000000000000000000e+00 0.000000000000000000e+00 0.000000000000000000e+00 -1.065457409502477319e+160 -1.098634598254030286e+160 -3.505436157453266893e+160 -3.019171438543941613e+160 -3.229731340707418018e+160 -3.113890661167527610e+160 -3.791365319102875450e+160 -1.070679621509268767e+160 -9.096243718041742601e+159 0.000000000000000000e+00 0.000000000000000000e+00 0.000000000000000000e+00 0.000000000000000000e+00 0.000000000000000000e+00
0.000000000000000000e+00 0.000000000000000000e+00 0.000000000000000000e+00 0.000000000000000000e+00 0.000000000000000000e+00 -1.279251944186387359e+160 -1.758545818369896323e+160 -3.240173376211483500e+160 -3.684017449149274945e+160 -4.068110980057134002e+160 -4.189583861872971897e+160 -2.717826735911520527e+160 -2.273343741354322963e+160 -1.019367911114114019e+160 0.000000000000000000e+00 0.000000000000000000e+00 0.000000000000000000e+00 0.000000000000000000e+00 0.000000000000000000e+00
0.000000000000000000e+00 0.000000000000000000e+00 0.000000000000000000e+00 0.000000000000000000e+00 0.000000000000000000e+00 -8.683100780572904353e+159 -2.161023067677144941e+160 -2.515698568252991963e+160 -3.602475030212982240e+160 -3.509249538560758097e+160 -1.346449080812479897e+160 -3.159170825446488474e+160 -1.269655448560114697e+160 0.000000000000000000e+00 0.000000000000000000e+00 0.000000000000000000e+00 0.000000000000000000e+00 0.000000000000000000e+00 0.000000000000000000e+00
0.000000000000000000e+00 0.000000000000000000e+00 0.000000000000000000e+00 0.000000000000000000e+00 0.000000000000000000e+00 0.000000000000000000e+00 -1.179251254972833310e+160 -2.456881633811146623e+160 -3.222385366242360316e+160 -3.258359250049331199e+160 -3.680569380014754380e+160 -3.906794840110536722e+160 -1.288783764809826425e+160 0.000000000000000000e+00 0.000000000000000000e+00 0.000000000000000000e+00 0.000000000000000000e+00 0.000000000000000000e+00 0.000000000000000000e+00
0.000000000000000000e+00 0.000000000000000000e+00 0.000000000000000000e+00 0.000000000000000000e+00 0.000000000000000000e+00 0.000000000000000000e+00 -1.183259965190447181e+160 -1.160069471349756787e+160 -2.647957068562148822e+160 -3.608998733363032065e+160 -3.388862209547769768e+160 -1.054687122477586682e+160 0.000000000000000000e+00 0.000000000000000000e+00 0.000000000000000000e+00 0.000000000000000000e+00 0.000000000000000000e+00 0.000000000000000000e+00 0.000000000000000000e+00
0.000000000000000000e+00 0.000000000000000000e+00 0.000000000000000000e+00 0.000000000000000000e+00 0.000000000000000000e+00 0.000000000000000000e+00 0.000000000000000000e+00 -1.289346977493278539e+160 -1.210278564434811521e+160 -1.326520994402721846e+160 -1.252892142770067838e+160 -4.144919151129082618e+159 0.000000000000000000e+00 0.000000000000000000e+00 0.000000000000000000e+00 0.000000000000000000e+00 0.000000000000000000e+00 0.000000000000000000e+00 0.000000000000000000e+00
0.000000000000000000e+00 0.000000000000000000e+00 0.000000000000000000e+00 0.000000000000000000e+00 0.000000000000000000e+00 0.000000000000000000e+00 0.000000000000000000e+00 0.000000000000000000e+00 0.000000000000000000e+00 -9.658618985839553058e+159 0.000000000000000000e+00 0.000000000000000000e+00 0.000000000000000000e+00 0.000000000000000000e+00 0.000000000000000000e+00 0.000000000000000000e+00 0.000000000000000000e+00 0.000000000000000000e+00 0.000000000000000000e+00
0.000000000000000000e+00 0.000000000000000000e+00 0.000000000000000000e+00 0.000000000000000000e+00 0.000000000000000000e+00 0.000000000000000000e+00 0.000000000000000000e+00 0.000000000000000000e+00 0.000000000000000000e+00 0.000000000000000000e+00 0.000000000000000000e+00 0.000000000000000000e+00 0.000000000000000000e+00 0.000000000000000000e+00 0.000000000000000000e+00 0.000000000000000000e+00 0.000000000000000000e+00 0.000000000000000000e+00 0.000000000000000000e+00
0.000000000000000000e+00 0.000000000000000000e+00 0.000000000000000000e+00 0.000000000000000000e+00 0.000000000000000000e+00 0.000000000000000000e+00 0.000000000000000000e+00 0.000000000000000000e+00 0.000000000000000000e+00 0.000000000000000000e+00 0.000000000000000000e+00 0.000000000000000000e+00 0.000000000000000000e+00 0.000000000000000000e+00 0.000000000000000000e+00 0.000000000000000000e+00 0.000000000000000000e+00 0.000000000000000000e+00 0.000000000000000000e+00
0.000000000000000000e+00 0.000000000000000000e+00 0.000000000000000000e+00 0.000000000000000000e+00 0.000000000000000000e+00 0.000000000000000000e+00 0.000000000000000000e+00 0.000000000000000000e+00 0.000000000000000000e+00 0.000000000000000000e+00 0.000000000000000000e+00 0.000000000000000000e+00 0.000000000000000000e+00 0.000000000000000000e+00 0.000000000000000000e+00 0.000000000000000000e+00 0.000000000000000000e+00 0.000000000000000000e+00 0.000000000000000000e+00
0.000000000000000000e+00 0.000000000000000000e+00 0.000000000000000000e+00 0.000000000000000000e+00 0.000000000000000000e+00 0.000000000000000000e+00 0.000000000000000000e+00 0.000000000000000000e+00 0.000000000000000000e+00 0.000000000000000000e+00 0.000000000000000000e+00 0.000000000000000000e+00 0.000000000000000000e+00 0.000000000000000000e+00 0.000000000000000000e+00 0.000000000000000000e+00 0.000000000000000000e+00 0.000000000000000000e+00 0.000000000000000000e+00
0.000000000000000000e+00 0.000000000000000000e+00 0.000000000000000000e+00 0.000000000000000000e+00 0.000000000000000000e+00 0.000000000000000000e+00 0.000000000000000000e+00 0.000000000000000000e+00 0.000000000000000000e+00 0.000000000000000000e+00 0.000000000000000000e+00 0.000000000000000000e+00 0.000000000000000000e+00 0.000000000000000000e+00 0.000000000000000000e+00 0.000000000000000000e+00 0.000000000000000000e+00 0.000000000000000000e+00 0.000000000000000000e+00
0.000000000000000000e+00 0.000000000000000000e+00 0.000000000000000000e+00 0.000000000000000000e+00 0.000000000000000000e+00 0.000000000000000000e+00 0.000000000000000000e+00 0.000000000000000000e+00 0.000000000000000000e+00 0.000000000000000000e+00 0.000000000000000000e+00 0.000000000000000000e+00 0.000000000000000000e+00 0.000000000000000000e+00 0.000000000000000000e+00 0.000000000000000000e+00 0.000000000000000000e+00 0.000000000000000000e+00 0.000000000000000000e+00
0.000000000000000000e+00 0.000000000000000000e+00 0.000000000000000000e+00 0.000000000000000000e+00 0.000000000000000000e+00 0.000000000000000000e+00 0.000000000000000000e+00 0.000000000000000000e+00 0.000000000000000000e+00 0.000000000000000000e+00 0.000000000000000000e+00 0.000000000000000000e+00 0.000000000000000000e+00 0.000000000000000000e+00 0.000000000000000000e+00 0.000000000000000000e+00 0.000000000000000000e+00 0.000000000000000000e+00 0.000000000000000000e+00
0.000000000000000000e+00 0.000000000000000000e+00 0.000000000000000000e+00 0.000000000000000000e+00 0.000000000000000000e+00 0.000000000000000000e+00 0.000000000000000000e+00 0.000000000000000000e+00 0.000000000000000000e+00 0.000000000000000000e+00 0.000000000000000000e+00 0.000000000000000000e+00 0.000000000000000000e+00 0.000000000000000000e+00 0.000000000000000000e+00 0.000000000000000000e+00 0.000000000000000000e+00 0.000000000000000000e+00 0.000000000000000000e+00
0.000000000000000000e+00 0.000000000000000000e+00 0.000000000000000000e+00 0.000000000000000000e+00 0.000000000000000000e+00 0.000000000000000000e+00 0.000000000000000000e+00 0.000000000000000000e+00 0.000000000000000000e+00 0.000000000000000000e+00 0.000000000000000000e+00 0.000000000000000000e+00 0.000000000000000000e+00 0.000000000000000000e+00 0.000000000000000000e+00 0.000000000000000000e+00 0.000000000000000000e+00 0.000000000000000000e+00 0.000000000000000000e+00
0.000000000000000000e+00 0.000000000000000000e+00 0.000000000000000000e+00 0.000000000000000000e+00 0.000000000000000000e+00 0.000000000000000000e+00 0.000000000000000000e+00 0.000000000000000000e+00 0.000000000000000000e+00 0.000000000000000000e+00 0.000000000000000000e+00 0.000000000000000000e+00 0.000000000000000000e+00 0.000000000000000000e+00 0.000000000000000000e+00 0.000000000000000000e+00 0.000000000000000000e+00 0.000000000000000000e+00 0.000000000000000000e+00
0.000000000000000000e+00 0.000000000000000000e+00 0.000000000000000000e+00 0.000000000000000000e+00 0.000000000000000000e+00 0.000000000000000000e+00 0.000000000000000000e+00 0.000000000000000000e+00 0.000000000000000000e+00 0.000000000000000000e+00 0.000000000000000000e+00 0.000000000000000000e+00 0.000000000000000000e+00 0.000000000000000000e+00 0.000000000000000000e+00 0.000000000000000000e+00 0.000000000000000000e+00 0.000000000000000000e+00 0.000000000000000000e+00
0.000000000000000000e+00 0.000000000000000000e+00 0.000000000000000000e+00 0.000000000000000000e+00 0.000000000000000000e+00 0.000000000000000000e+00 0.000000000000000000e+00 0.000000000000000000e+00 0.000000000000000000e+00 0.000000000000000000e+00 0.000000000000000000e+00 0.000000000000000000e+00 0.000000000000000000e+00 0.000000000000000000e+00 0.000000000000000000e+00 0.000000000000000000e+00 0.000000000000000000e+00 0.000000000000000000e+00 0.000000000000000000e+00
0.000000000000000000e+00 0.000000000000000000e+00 0.000000000000000000e+00 0.000000000000000000e+00 0.000000000000000000e+00 0.000000000000000000e+00 0.000000000000000000e+00 0.000000000000000000e+00 0.000000000000000000e+00 0.000000000000000000e+00 0.000000000000000000e+00 0.000000000000000000e+00 0.000000000000000000e+00 0.000000000000000000e+00 0.000000000000000000e+00 0.000000000000000000e+00 0.000000000000000000e+00 0.000000000000000000e+00 0.000000000000000000e+00
0.000000000000000000e+00 0.000000000000000000e+00 0.000000000000000000e+00 0.000000000000000000e+00 0.000000000000000000e+00 0.000000000000000000e+00 0.000000000000000000e+00 0.000000000000000000e+00 0.000000000000000000e+00 0.000000000000000000e+00 0.000000000000000000e+00 0.000000000000000000e+00 0.000000000000000000e+00 0.000000000000000000e+00 0.000000000000000000e+00 0.000000000000000000e+00 0.000000000000000000e+00 0.000000000000000000e+00 0.000000000000000000e+00
0.000000000000000000e+00 0.000000000000000000e+00 0.000000000000000000e+00 0.000000000000000000e+00 0.000000000000000000e+00 0.000000000000000000e+00 0.000000000000000000e+00 0.000000000000000000e+00 0.000000000000000000e+00 0.000000000000000000e+00 0.000000000000000000e+00 0.000000000000000000e+00 0.000000000000000000e+00 0.000000000000000000e+00 0.000000000000000000e+00 0.000000000000000000e+00 0.000000000000000000e+00 0.000000000000000000e+00 0.000000000000000000e+00
0.000000000000000000e+00 0.000000000000000000e+00 0.000000000000000000e+00 0.000000000000000000e+00 0.000000000000000000e+00 0.000000000000000000e+00 0.000000000000000000e+00 0.000000000000000000e+00 0.000000000000000000e+00 0.000000000000000000e+00 0.000000000000000000e+00 0.000000000000000000e+00 0.000000000000000000e+00 0.000000000000000000e+00 0.000000000000000000e+00 0.000000000000000000e+00 0.000000000000000000e+00 0.000000000000000000e+00 0.000000000000000000e+00
0.000000000000000000e+00 0.000000000000000000e+00 0.000000000000000000e+00 0.000000000000000000e+00 0.000000000000000000e+00 0.000000000000000000e+00 0.000000000000000000e+00 0.000000000000000000e+00 0.000000000000000000e+00 0.000000000000000000e+00 0.000000000000000000e+00 0.000000000000000000e+00 0.000000000000000000e+00 0.000000000000000000e+00 0.000000000000000000e+00 0.000000000000000000e+00 0.000000000000000000e+00 0.000000000000000000e+00 0.000000000000000000e+00
0.000000000000000000e+00 0.000000000000000000e+00 0.000000000000000000e+00 0.000000000000000000e+00 0.000000000000000000e+00 0.000000000000000000e+00 0.000000000000000000e+00 0.000000000000000000e+00 0.000000000000000000e+00 0.000000000000000000e+00 0.000000000000000000e+00 0.000000000000000000e+00 0.000000000000000000e+00 0.000000000000000000e+00 0.000000000000000000e+00 0.000000000000000000e+00 0.000000000000000000e+00 0.000000000000000000e+00 0.000000000000000000e+00
