-1.162500000000000089e+00
-1.125000000000000444e+00
-1.087500000000000355e+00
-1.050000000000000266e+00
-1.012500000000000178e+00
-9.750000000000001998e-01
-9.375000000000003331e-01
-9.000000000000002442e-01
-8.625000000000001554e-01
-8.250000000000002887e-01
-7.875000000000001998e-01
-7.500000000000001110e-01
-7.125000000000002442e-01
-6.750000000000001554e-01
-6.375000000000002887e-01
-6.000000000000001998e-01
-5.625000000000001110e-01
-5.250000000000002442e-01
-4.875000000000001554e-01
-4.500000000000002887e-01
-4.125000000000001998e-01
-3.750000000000001110e-01
-3.375000000000001332e-01
-3.000000000000001554e-01
-2.625000000000001776e-01
-2.250000000000001998e-01
-1.875000000000001110e-01
-1.500000000000001332e-01
-1.125000000000001554e-01
-7.500000000000006661e-02
-3.750000000000008882e-02
-1.110223024625156540e-16
3.749999999999986677e-02
7.499999999999984457e-02
1.124999999999999334e-01
1.499999999999999112e-01
1.874999999999998890e-01
2.249999999999999223e-01
2.624999999999999556e-01
2.999999999999999334e-01
3.374999999999999112e-01
3.749999999999999445e-01
4.124999999999999778e-01
4.499999999999999556e-01
4.874999999999999334e-01
5.249999999999999112e-01
5.625000000000000000e-01
5.999999999999999778e-01
