0.000000000000000000e+00 0.000000000000000000e+00 0.000000000000000000e+00
0.000000000000000000e+00 0.000000000000000000e+00 0.000000000000000000e+00
0.000000000000000000e+00 0.000000000000000000e+00 0.000000000000000000e+00
0.000000000000000000e+00 0.000000000000000000e+00 0.000000000000000000e+00
0.000000000000000000e+00 0.000000000000000000e+00 0.000000000000000000e+00
0.000000000000000000e+00 0.000000000000000000e+00 0.000000000000000000e+00
0.000000000000000000e+00 0.000000000000000000e+00 0.000000000000000000e+00
0.000000000000000000e+00 0.000000000000000000e+00 0.000000000000000000e+00
0.000000000000000000e+00 0.000000000000000000e+00 0.000000000000000000e+00
0.000000000000000000e+00 0.000000000000000000e+00 0.000000000000000000e+00
0.000000000000000000e+00 0.000000000000000000e+00 0.000000000000000000e+00
-2.480050000000000310e+00 -1.989999999999999991e+00 0.000000000000000000e+00
0.000000000000000000e+00 0.000000000000000000e+00 0.000000000000000000e+00
-1.000000000000000000e+00 -1.000000000000000000e+00 -8.228819367199129431e+00
-1.000000000000000000e+00 -3.822962017857142847e+00 0.000000000000000000e+00
0.000000000000000000e+00 0.000000000000000000e+00 0.000000000000000000e+00
-1.000000000000000000e+00 -1.000000000000000000e+00 -7.283588335781810308e+00
-1.000000000000000000e+00 0.000000000000000000e+00 0.000000000000000000e+00
-1.000000000000000000e+00 0.000000000000000000e+00 0.000000000000000000e+00
-1.000000000000000000e+00 0.000000000000000000e+00 0.000000000000000000e+00
0.000000000000000000e+00 0.000000000000000000e+00 0.000000000000000000e+00
0.000000000000000000e+00 0.000000000000000000e+00 0.000000000000000000e+00
0.000000000000000000e+00 0.000000000000000000e+00 0.000000000000000000e+00
0.000000000000000000e+00 0.000000000000000000e+00 0.000000000000000000e+00
0.000000000000000000e+00 0.000000000000000000e+00 0.000000000000000000e+00
0.000000000000000000e+00 0.000000000000000000e+00 0.000000000000000000e+00
0.000000000000000000e+00 0.000000000000000000e+00 0.000000000000000000e+00
0.000000000000000000e+00 0.000000000000000000e+00 0.000000000000000000e+00
0.000000000000000000e+00 0.000000000000000000e+00 0.000000000000000000e+00
0.000000000000000000e+00 0.000000000000000000e+00 0.000000000000000000e+00
0.000000000000000000e+00 0.000000000000000000e+00 0.000000000000000000e+00
0.000000000000000000e+00 0.000000000000000000e+00 0.000000000000000000e+00
0.000000000000000000e+00 0.000000000000000000e+00 0.000000000000000000e+00
0.000000000000000000e+00 0.000000000000000000e+00 0.000000000000000000e+00
0.000000000000000000e+00 0.000000000000000000e+00 0.000000000000000000e+00
0.000000000000000000e+00 0.000000000000000000e+00 0.000000000000000000e+00
0.000000000000000000e+00 0.000000000000000000e+00 0.000000000000000000e+00
0.000000000000000000e+00 0.000000000000000000e+00 0.000000000000000000e+00
0.000000000000000000e+00 0.000000000000000000e+00 0.000000000000000000e+00
0.000000000000000000e+00 0.000000000000000000e+00 0.000000000000000000e+00
0.000000000000000000e+00 0.000000000000000000e+00 0.000000000000000000e+00
0.000000000000000000e+00 0.000000000000000000e+00 0.000000000000000000e+00
0.000000000000000000e+00 0.000000000000000000e+00 0.000000000000000000e+00
0.000000000000000000e+00 0.000000000000000000e+00 0.000000000000000000e+00
0.000000000000000000e+00 0.000000000000000000e+00 0.000000000000000000e+00
0.000000000000000000e+00 0.000000000000000000e+00 0.000000000000000000e+00
0.000000000000000000e+00 0.000000000000000000e+00 0.000000000000000000e+00
0.000000000000000000e+00 0.000000000000000000e+00 0.000000000000000000e+00
0.000000000000000000e+00 0.000000000000000000e+00 0.000000000000000000e+00
0.000000000000000000e+00 0.000000000000000000e+00 0.000000000000000000e+00
0.000000000000000000e+00 0.000000000000000000e+00 0.000000000000000000e+00
0.000000000000000000e+00 0.000000000000000000e+00 0.000000000000000000e+00
0.000000000000000000e+00 0.000000000000000000e+00 0.000000000000000000e+00
-6.584976541114646587e+00 -7.136994274458554166e+00 -1.989999999999999991e+00
-6.045090170858856915e+00 -6.549243599461420651e+00 -1.001468230541559912e+01
-7.656222054657567888e+00 -6.609139925741148502e+00 -5.395374604235565918e+00
-6.817379280577786638e+00 -6.940146939306254481e+00 -6.022227808506502633e+00
-8.782226589953458173e+00 -6.877302685839760343e+00 -1.139008838860934603e+01
-7.150122003434754347e+00 -7.656772532881905846e+00 -1.121088320751778511e+01
-7.837489481696195526e+00 -1.182453927814396266e+01 -1.217839824500783585e+01
-6.437065351859523332e+00 -9.287409950443786144e+00 -6.475543122677628105e+00
-6.692521782262366159e+00 -8.369440480630109036e+00 -7.744326346405393302e+00
-7.159157140710218137e+00 -8.144167944429971939e+00 -9.102781789938839907e+00
-6.187109228335164524e+00 -5.868857868083908080e+00 -9.285068773106795348e+00
-7.746073101383885273e+00 -6.438939997474085963e+00 -9.107955597070485965e+00
-5.616871766669565780e+00 -6.693471469677209740e+00 -6.107351961510575578e+00
-6.157784595667891381e+00 -6.480791634328843642e+00 -7.875019141453370786e+00
-6.211461839063716184e+00 -6.668398997045008159e+00 -9.476948640621047915e+00
-6.965277965645221059e+00 -6.859326431935805601e+00 -6.904367477074670134e+00
-6.253217483379835961e+00 -7.325342578908979441e+00 -6.329232135424745387e+00
-7.383907273480766698e+00 -7.332311661868684105e+00 -6.827142026861227286e+00
-1.989999999999999991e+00 -4.420697005000000068e+00 -5.656968319937820233e+00
-1.000000000000000000e+00 -6.650627930480438543e+00 0.000000000000000000e+00
-1.000000000000000000e+00 0.000000000000000000e+00 0.000000000000000000e+00
0.000000000000000000e+00 0.000000000000000000e+00 0.000000000000000000e+00
0.000000000000000000e+00 0.000000000000000000e+00 0.000000000000000000e+00
0.000000000000000000e+00 0.000000000000000000e+00 0.000000000000000000e+00
0.000000000000000000e+00 0.000000000000000000e+00 0.000000000000000000e+00
0.000000000000000000e+00 0.000000000000000000e+00 0.000000000000000000e+00
0.000000000000000000e+00 0.000000000000000000e+00 0.000000000000000000e+00
0.000000000000000000e+00 0.000000000000000000e+00 0.000000000000000000e+00
0.000000000000000000e+00 0.000000000000000000e+00 0.000000000000000000e+00
0.000000000000000000e+00 0.000000000000000000e+00 0.000000000000000000e+00
0.000000000000000000e+00 0.000000000000000000e+00 0.000000000000000000e+00
0.000000000000000000e+00 0.000000000000000000e+00 0.000000000000000000e+00
0.000000000000000000e+00 0.000000000000000000e+00 0.000000000000000000e+00
0.000000000000000000e+00 0.000000000000000000e+00 0.000000000000000000e+00
0.000000000000000000e+00 0.000000000000000000e+00 0.000000000000000000e+00
0.000000000000000000e+00 0.000000000000000000e+00 0.000000000000000000e+00
0.000000000000000000e+00 0.000000000000000000e+00 0.000000000000000000e+00
0.000000000000000000e+00 0.000000000000000000e+00 0.000000000000000000e+00
0.000000000000000000e+00 0.000000000000000000e+00 0.000000000000000000e+00
0.000000000000000000e+00 0.000000000000000000e+00 0.000000000000000000e+00
0.000000000000000000e+00 0.000000000000000000e+00 0.000000000000000000e+00
0.000000000000000000e+00 0.000000000000000000e+00 0.000000000000000000e+00
0.000000000000000000e+00 0.000000000000000000e+00 0.000000000000000000e+00
-1.178652439014129527e+01 0.000000000000000000e+00 0.000000000000000000e+00
-1.989999999999999991e+00 -9.913425555123577482e+00 -1.577182615924615483e+01
-1.104723246755359689e+01 -1.821500254685292575e+01 -1.989999999999999991e+00
-3.680802070321098629e+00 -5.706839830346853937e+00 -5.706839830346853937e+00
-1.074299971630719952e+01 -8.286267499881486032e+00 -8.472678292910776676e+00
-9.280100580035238522e+00 -9.962992121657089584e+00 -1.098153834517198035e+01
-1.153226742223148626e+01 -9.978268507328271752e+00 -1.186608548813634556e+01
-1.223936219129358705e+01 -1.497619384077887972e+01 -1.371802762098866957e+01
-1.370682661088778787e+01 -1.419712623016423336e+01 -1.392541325548399378e+01
-1.334368601202141313e+01 -1.433730125142514567e+01 -1.472986560462542904e+01
-1.486730576396293557e+01 -1.514739450533342691e+01 -1.392133061199515964e+01
-1.468820138971031675e+01 -1.512860706450620896e+01 -1.491237017171044066e+01
-1.559848537915746647e+01 -1.618684706015261554e+01 -1.655484779947109786e+01
-1.550294472267056811e+01 -1.548199744052621263e+01 -1.576518518007983083e+01
-1.592623927608033618e+01 -1.634240891516220628e+01 -1.742134661078271662e+01
-1.578926271557928374e+01 -1.615583165675938560e+01 -1.556111731869215475e+01
-1.592396244792455207e+01 -1.591665082474617421e+01 -1.636403027812284705e+01
-1.573751319034226981e+01 -1.604692485000602176e+01 -1.700997468081654063e+01
-1.572271347211139414e+01 -1.562127678823598487e+01 -1.591744301530935068e+01
-1.567296974053826908e+01 -1.575106390289364278e+01 -1.560077141877298956e+01
-1.255735279741670141e+01 -1.414175171088599647e+01 -1.446373774010235813e+01
-1.335697299049124709e+01 -1.269599597760079845e+01 -1.270080464362952100e+01
-1.193398659714214638e+01 -1.209898925294145222e+01 -1.289403828174722477e+01
-1.114242724408606655e+01 -1.126776231255234428e+01 -1.144595389494568671e+01
-1.013132857763812922e+01 -1.019668492116487002e+01 -1.016508357238960691e+01
-9.436296441939319379e+00 -1.071803014619568017e+01 -1.001570218148725289e+01
-9.835571526290271649e+00 -1.034101084878307475e+01 -1.046262013584360595e+01
-7.890729317755185157e+00 -9.395351807436545855e+00 -8.839501765158832569e+00
-1.000000000000000000e+00 -4.815115309623880790e+00 -1.039867232153775234e+01
0.000000000000000000e+00 0.000000000000000000e+00 0.000000000000000000e+00
0.000000000000000000e+00 0.000000000000000000e+00 0.000000000000000000e+00
0.000000000000000000e+00 0.000000000000000000e+00 0.000000000000000000e+00
0.000000000000000000e+00 0.000000000000000000e+00 0.000000000000000000e+00
0.000000000000000000e+00 0.000000000000000000e+00 0.000000000000000000e+00
0.000000000000000000e+00 0.000000000000000000e+00 0.000000000000000000e+00
0.000000000000000000e+00 0.000000000000000000e+00 0.000000000000000000e+00
0.000000000000000000e+00 0.000000000000000000e+00 0.000000000000000000e+00
0.000000000000000000e+00 0.000000000000000000e+00 0.000000000000000000e+00
0.000000000000000000e+00 0.000000000000000000e+00 0.000000000000000000e+00
0.000000000000000000e+00 0.000000000000000000e+00 0.000000000000000000e+00
0.000000000000000000e+00 0.000000000000000000e+00 0.000000000000000000e+00
0.000000000000000000e+00 0.000000000000000000e+00 0.000000000000000000e+00
0.000000000000000000e+00 0.000000000000000000e+00 0.000000000000000000e+00
0.000000000000000000e+00 0.000000000000000000e+00 0.000000000000000000e+00
0.000000000000000000e+00 0.000000000000000000e+00 0.000000000000000000e+00
0.000000000000000000e+00 0.000000000000000000e+00 0.000000000000000000e+00
0.000000000000000000e+00 0.000000000000000000e+00 0.000000000000000000e+00
0.000000000000000000e+00 0.000000000000000000e+00 0.000000000000000000e+00
-2.106856042546346330e+01 -2.163969017162946074e+01 -2.075066790811344219e+01
-2.119716411095891928e+01 -1.851637282050488764e+01 -1.830743932839110499e+01
-1.833329661056997040e+01 -2.003395756802861882e+01 -2.016280259030746080e+01
-1.863624437390592803e+01 -1.784242667455096409e+01 -1.836122083818338524e+01
-1.897480358151499757e+01 -1.801693216898052086e+01 -1.915240425220616771e+01
-1.613584823830511539e+01 -1.825714644934098629e+01 -1.861930410409541636e+01
-1.720244260648529533e+01 -1.621404727042439120e+01 -1.701263664318951285e+01
-1.691559036886935274e+01 -1.692725993131292483e+01 -1.710179956518391364e+01
-1.669005452465050610e+01 -1.809564798932348140e+01 -1.814966337627564030e+01
-1.768328211308435982e+01 -1.795745090954707734e+01 -1.855149114661715970e+01
-1.803980198695530390e+01 -1.808988045075776085e+01 -1.832083877730502408e+01
-1.841088343903540903e+01 -1.860256424416286336e+01 -1.845259609266189926e+01
-1.891306278065127344e+01 -1.963689046316327591e+01 -2.021343729051988802e+01
-1.847384480265790074e+01 -2.023907259188349173e+01 -1.941399794766378761e+01
-1.898337895008044640e+01 -1.971237469053190594e+01 -2.010457991251053045e+01
-1.954093093024236794e+01 -1.958600882555237632e+01 -2.093621348184479558e+01
-1.967863056064953753e+01 -2.066394024263311735e+01 -1.980366840561890029e+01
-2.043949670596963486e+01 -2.054691420896924825e+01 -2.137063763790699511e+01
-1.967202912033677009e+01 -1.981847698466894769e+01 -2.056963530950407559e+01
-1.901786949668285942e+01 -1.888266014431033923e+01 -1.891346469703458766e+01
-1.881077197998893880e+01 -1.942157629759248039e+01 -1.919943286471393051e+01
-1.783403282656566446e+01 -1.847376135715187218e+01 -1.907566989144725156e+01
-1.715331465556633361e+01 -1.793786710107632487e+01 -1.738209516372564067e+01
-1.568320384673374868e+01 -1.691002877779980196e+01 -1.626552463516902236e+01
-1.582897719320659036e+01 -1.591505056298561094e+01 -1.587263632567357163e+01
-1.423252285172929632e+01 -1.453101262079688993e+01 -1.385999097649185430e+01
-1.395507020273363707e+01 -1.347497977988100359e+01 -1.348872070593245631e+01
-1.227117678226516340e+01 -1.264953504424528319e+01 -1.262227786895427073e+01
-1.123154281511958175e+01 -1.181878799542391256e+01 -1.126646908047319506e+01
-9.541342718104539600e+00 -1.060681754518189202e+01 -1.168439612431128438e+01
-9.666585918722324422e+00 -9.741821029579334379e+00 -9.535743796504354108e+00
-1.005394134506347115e+01 -1.000000000000000000e+00 -9.008542928244644088e+00
0.000000000000000000e+00 0.000000000000000000e+00 0.000000000000000000e+00
0.000000000000000000e+00 0.000000000000000000e+00 0.000000000000000000e+00
0.000000000000000000e+00 0.000000000000000000e+00 0.000000000000000000e+00
0.000000000000000000e+00 0.000000000000000000e+00 0.000000000000000000e+00
0.000000000000000000e+00 0.000000000000000000e+00 0.000000000000000000e+00
0.000000000000000000e+00 0.000000000000000000e+00 0.000000000000000000e+00
0.000000000000000000e+00 0.000000000000000000e+00 0.000000000000000000e+00
0.000000000000000000e+00 0.000000000000000000e+00 0.000000000000000000e+00
0.000000000000000000e+00 0.000000000000000000e+00 0.000000000000000000e+00
0.000000000000000000e+00 0.000000000000000000e+00 0.000000000000000000e+00
0.000000000000000000e+00 0.000000000000000000e+00 0.000000000000000000e+00
0.000000000000000000e+00 0.000000000000000000e+00 0.000000000000000000e+00
0.000000000000000000e+00 0.000000000000000000e+00 0.000000000000000000e+00
0.000000000000000000e+00 0.000000000000000000e+00 0.000000000000000000e+00
0.000000000000000000e+00 0.000000000000000000e+00 0.000000000000000000e+00
0.000000000000000000e+00 0.000000000000000000e+00 0.000000000000000000e+00
-2.178585134601535245e+01 -2.142118857789957787e+01 -2.154551764344640574e+01
-2.111497505767514227e+01 -2.163842715941828843e+01 -2.216835668030979534e+01
-1.972951744747459202e+01 -2.170082142948044535e+01 -2.006433868516073105e+01
-1.907129382414419538e+01 -1.990333655130238100e+01 -1.969512467039489678e+01
-1.847146205759091231e+01 -1.833828756061473442e+01 -1.857969824750482957e+01
-1.797714554204231874e+01 -1.762490276288349023e+01 -1.805208547609042213e+01
-1.868134238208029529e+01 -1.743830502423886841e+01 -1.749758298357950537e+01
-1.867368675731221472e+01 -1.881028802462470750e+01 -1.864514221205573818e+01
-1.940442999037177074e+01 -1.985490699393221092e+01 -2.024526632883921451e+01
-1.940108236751056836e+01 -1.976517568988739626e+01 -2.094618417094560314e+01
-2.136957786893827560e+01 -2.130972141102483164e+01 -2.190309742733988685e+01
-2.183546833587668345e+01 -2.186662732514960084e+01 -2.329815634301155569e+01
-2.291871517274470094e+01 -2.366365398680844123e+01 -2.218846446970059816e+01
-2.279949632048487018e+01 -2.347831083595245261e+01 -2.406351705159520549e+01
-2.358159981476681821e+01 -2.416552649698049038e+01 -2.412334777289153465e+01
-2.403188584640109582e+01 -2.465613559271915989e+01 -2.450683520269532778e+01
-2.370324075775985051e+01 -2.367221319311506988e+01 -2.513671487132603488e+01
-2.329145904551248236e+01 -2.421450561648722299e+01 -2.513755877436570074e+01
-2.338627664092438252e+01 -2.368445399121301520e+01 -2.424593430785837711e+01
-2.330494537342682904e+01 -2.289172373760288792e+01 -2.397292337699202491e+01
-2.239407237822354801e+01 -2.290775236932412184e+01 -2.245472221661157874e+01
-2.210979979561702535e+01 -2.199219979648113821e+01 -2.281026980935549275e+01
-2.085092303176620021e+01 -2.093540276699776115e+01 -2.152394100244981701e+01
-2.057637998780985455e+01 -2.036053250012014360e+01 -2.097469144544832176e+01
-1.897090987145929475e+01 -1.958574316916161706e+01 -2.060147513703947553e+01
-1.850547232101908790e+01 -1.952725523467588786e+01 -1.883642145419081970e+01
-1.708652732070317981e+01 -1.758913228303122978e+01 -1.739915565819920218e+01
-1.629310336770961953e+01 -1.666049322812040145e+01 -1.745579686440826706e+01
-1.566087090283081551e+01 -1.580704357593933196e+01 -1.589991153984820649e+01
-1.370702770558886208e+01 -1.391431556617519760e+01 -1.568873339775364073e+01
-1.260849893680117084e+01 -1.363387180314651381e+01 -1.283601233471431513e+01
-1.318027765440864130e+01 -1.200956900794145099e+01 -1.308379362589324657e+01
-9.398793717415173887e+00 -9.500555431607510926e+00 -1.261955660455654638e+01
-1.005734029138036867e+01 -9.650361162160596251e+00 -9.981497955836218239e+00
-1.989999999999999991e+00 -2.970099999999999962e+00 -5.387701862652567897e+00
0.000000000000000000e+00 0.000000000000000000e+00 0.000000000000000000e+00
0.000000000000000000e+00 0.000000000000000000e+00 0.000000000000000000e+00
0.000000000000000000e+00 0.000000000000000000e+00 0.000000000000000000e+00
0.000000000000000000e+00 0.000000000000000000e+00 0.000000000000000000e+00
0.000000000000000000e+00 0.000000000000000000e+00 0.000000000000000000e+00
0.000000000000000000e+00 0.000000000000000000e+00 0.000000000000000000e+00
0.000000000000000000e+00 0.000000000000000000e+00 0.000000000000000000e+00
0.000000000000000000e+00 0.000000000000000000e+00 0.000000000000000000e+00
0.000000000000000000e+00 0.000000000000000000e+00 0.000000000000000000e+00
0.000000000000000000e+00 0.000000000000000000e+00 0.000000000000000000e+00
0.000000000000000000e+00 0.000000000000000000e+00 0.000000000000000000e+00
0.000000000000000000e+00 0.000000000000000000e+00 0.000000000000000000e+00
0.000000000000000000e+00 0.000000000000000000e+00 0.000000000000000000e+00
-2.173578038047479311e+01 -2.187776308962337524e+01 -2.192963184354870165e+01
-2.177201318902511318e+01 -2.083608267399808511e+01 -2.158192162175502560e+01
-1.869104178904102298e+01 -2.031820327901411005e+01 -1.961005804549369458e+01
-1.884350178163752787e+01 -1.850174780365795613e+01 -1.779018155528788725e+01
-1.720053700403240171e+01 -1.837470532469498252e+01 -1.840023357805753790e+01
-1.878200943333885675e+01 -1.900813840565671242e+01 -1.900924383594562528e+01
-2.039919854147908040e+01 -2.066116767517764430e+01 -2.043682669407562358e+01
-2.157976248093050131e+01 -2.253791882085696940e+01 -2.210471949343737208e+01
-2.249221445145446197e+01 -2.276961444006591861e+01 -2.290989897697136612e+01
-2.424748313724538562e+01 -2.473716906467063836e+01 -2.465524869471941471e+01
-2.558424054997205843e+01 -2.502765059981055984e+01 -2.537568125789129425e+01
-2.630550534620325109e+01 -2.696912099674012353e+01 -2.693811998711123223e+01
-2.751776390399988870e+01 -2.759552509028577560e+01 -2.896388445202242323e+01
-2.850125341099559506e+01 -2.861642396869253702e+01 -3.015931774764574413e+01
-2.866920725365254441e+01 -2.948418514541893742e+01 -3.036247404447470188e+01
-2.931737395289483317e+01 -2.942571803757385851e+01 -3.047836956144571374e+01
-2.942763173923781395e+01 -2.974493736630795482e+01 -3.002790972164898520e+01
-2.899373450378202577e+01 -2.899692155462953735e+01 -3.049742857602581836e+01
-2.907834660231232959e+01 -2.937931247739084029e+01 -2.973449621240867558e+01
-2.802401796808875645e+01 -2.815214224367963780e+01 -2.819509153591993211e+01
-2.766699372761109998e+01 -2.751202955679703166e+01 -2.766642427986446506e+01
-2.702742177904047338e+01 -2.733988259452203806e+01 -2.696698088460124865e+01
-2.595714678198851644e+01 -2.595502382028124799e+01 -2.696121953555555351e+01
-2.457114474841486640e+01 -2.518329014227134621e+01 -2.482959482562306164e+01
-2.288021798459049805e+01 -2.442583822588217402e+01 -2.488391225308392052e+01
-2.141038190302484523e+01 -2.160805250027385327e+01 -2.223240854155791268e+01
-2.109297399194269929e+01 -2.162650207707551075e+01 -2.133592334298936777e+01
-2.002286254420948097e+01 -2.027134996640277365e+01 -2.125631812898309647e+01
-1.917777862324481930e+01 -1.898208028493437283e+01 -1.958782015352248962e+01
-1.795372414863019017e+01 -1.801330170011672749e+01 -1.806457821527596863e+01
-1.543364291822015133e+01 -1.700597202264550489e+01 -1.689025757150850637e+01
-1.458611982661558315e+01 -1.505488586114293881e+01 -1.440557483037682474e+01
-1.326318668371320975e+01 -1.411300342487482595e+01 -1.487796223826953579e+01
-1.209055534178695268e+01 -1.234211391295748861e+01 -1.217060702766757707e+01
-1.134554992478857827e+01 -1.131211870832227362e+01 -1.149352447642570674e+01
-1.034357916454994708e+01 -7.103527376861431541e+00 -1.011684620657498002e+01
-7.505094745389166988e+00 -8.032492103092817359e+00 -6.769704735280825503e+00
-1.989999999999999991e+00 -4.420697005000000068e+00 -1.000000000000000000e+00
0.000000000000000000e+00 0.000000000000000000e+00 0.000000000000000000e+00
0.000000000000000000e+00 0.000000000000000000e+00 0.000000000000000000e+00
0.000000000000000000e+00 0.000000000000000000e+00 0.000000000000000000e+00
0.000000000000000000e+00 0.000000000000000000e+00 0.000000000000000000e+00
0.000000000000000000e+00 0.000000000000000000e+00 0.000000000000000000e+00
0.000000000000000000e+00 0.000000000000000000e+00 0.000000000000000000e+00
0.000000000000000000e+00 0.000000000000000000e+00 0.000000000000000000e+00
0.000000000000000000e+00 0.000000000000000000e+00 0.000000000000000000e+00
0.000000000000000000e+00 0.000000000000000000e+00 0.000000000000000000e+00
0.000000000000000000e+00 0.000000000000000000e+00 0.000000000000000000e+00
-2.149727715152779339e+01 -2.153155432316123097e+01 -2.159552480917567507e+01
-1.990644318754984354e+01 -1.917952483688274157e+01 -1.949150992091443513e+01
-1.778271747287736559e+01 -1.813367811774583416e+01 -1.880990762731820709e+01
-1.897184867858528534e+01 -1.867094997264477030e+01 -1.898403429037713153e+01
-1.920925235750970117e+01 -1.849688096831316031e+01 -1.863222286229382973e+01
-2.073624930362798580e+01 -2.123324982620538748e+01 -2.147912355118116068e+01
-2.271500871640230201e+01 -2.299716265297748663e+01 -2.323214501656255493e+01
-2.384669545775161836e+01 -2.423714002329001360e+01 -2.468722669665370972e+01
-2.582251151135919898e+01 -2.615103790384780780e+01 -2.616776211260541629e+01
-2.769919915995381388e+01 -2.784991302352483089e+01 -2.777295763413959051e+01
-2.972201656564013916e+01 -3.028029268657098072e+01 -2.989429108914444910e+01
-3.101746298741170804e+01 -3.138969839177489973e+01 -3.227121471066174507e+01
-3.258937032461125227e+01 -3.276416083564621573e+01 -3.293101561370395558e+01
-3.373532494008573224e+01 -3.368535695208155545e+01 -3.394262430311082568e+01
-3.427707665430504846e+01 -3.511092147745952730e+01 -3.494579691789655129e+01
-3.497577864686266480e+01 -3.538907712190274424e+01 -3.581498737442102254e+01
-3.514949257116501968e+01 -3.530792434295105409e+01 -3.592483237387938999e+01
-3.480597612576004707e+01 -3.477187526489914404e+01 -3.568897055088479675e+01
-3.388955025047267355e+01 -3.397151143803942119e+01 -3.408660463909782123e+01
-3.307992635524470870e+01 -3.357196955302478614e+01 -3.432992289667441099e+01
-3.229202610118709060e+01 -3.291883653072019200e+01 -3.306662358226217435e+01
-3.114929290519400240e+01 -3.163212035417320322e+01 -3.112131337442422563e+01
-3.013171195308989070e+01 -3.037183515737521233e+01 -3.008810690201032756e+01
-2.865057994922689844e+01 -2.896376887107917852e+01 -2.980172546875702722e+01
-2.724832767274016021e+01 -2.758089807518688019e+01 -2.736000480182564942e+01
-2.525344307510785669e+01 -2.522326485488078163e+01 -2.602739953430477726e+01
-2.367916516166831897e+01 -2.333416465115825034e+01 -2.481019185563531337e+01
-2.248824031868744200e+01 -2.281561967705956562e+01 -2.310014258845206925e+01
-2.193905394379980223e+01 -2.236924477984489457e+01 -2.240225328738906896e+01
-2.153856459124448364e+01 -2.136142360126426709e+01 -2.181422362447218788e+01
-1.973319009768367849e+01 -1.987762512501076273e+01 -1.971292572006145960e+01
-1.804227596518229504e+01 -1.792739779474966255e+01 -1.995511336487470544e+01
-1.657946818208088757e+01 -1.675491643073026893e+01 -1.691131396148047372e+01
-1.488942315875285516e+01 -1.494167152943070320e+01 -1.499739254754610585e+01
-1.388980211111108964e+01 -1.385824485358578428e+01 -1.491423615347280318e+01
-1.340639227728584260e+01 -1.374658391528350698e+01 -1.345176281024460252e+01
-9.338339887985878107e+00 -8.177374849062632123e+00 -7.922349135006863108e+00
-7.709035851684427954e+00 -8.476277638584587493e+00 -7.776476788479836699e+00
-7.948890574831002809e+00 -6.327018965269424200e+00 -6.561990035863824566e+00
-5.031514040525106424e+00 0.000000000000000000e+00 0.000000000000000000e+00
0.000000000000000000e+00 0.000000000000000000e+00 0.000000000000000000e+00
0.000000000000000000e+00 0.000000000000000000e+00 0.000000000000000000e+00
0.000000000000000000e+00 0.000000000000000000e+00 0.000000000000000000e+00
0.000000000000000000e+00 0.000000000000000000e+00 0.000000000000000000e+00
0.000000000000000000e+00 0.000000000000000000e+00 0.000000000000000000e+00
0.000000000000000000e+00 0.000000000000000000e+00 0.000000000000000000e+00
0.000000000000000000e+00 0.000000000000000000e+00 0.000000000000000000e+00
0.000000000000000000e+00 0.000000000000000000e+00 0.000000000000000000e+00
-2.008246909948285719e+01 -2.058715594674576721e+01 -2.037934445379842785e+01
-1.898997310882113254e+01 -1.815049925758964378e+01 -1.891096439459321132e+01
-1.900079965571832119e+01 -1.938006867442447145e+01 -1.941886833691717484e+01
-1.846473762469737068e+01 -1.812954088905602035e+01 -1.805445055308188174e+01
-2.164417961261808188e+01 -2.154060327464843638e+01 -2.157673666091400833e+01
-2.291785432188099847e+01 -2.341097325742707369e+01 -2.332522105098380649e+01
-2.459259476013863477e+01 -2.437383816582631013e+01 -2.429030802894627428e+01
-2.637139396047741258e+01 -2.659119163125242480e+01 -2.707135312802470040e+01
-2.789991022225809303e+01 -2.825513792844300198e+01 -2.855336372998210237e+01
-3.039986043090099344e+01 -3.053229704338095019e+01 -3.076542920476375187e+01
-3.248917366562935172e+01 -3.246397596264804974e+01 -3.277924588706780185e+01
-3.416920271564250555e+01 -3.405478027400491925e+01 -3.402604497830014196e+01
-3.583588100643133600e+01 -3.605232456904104765e+01 -3.607108214156015435e+01
-3.763993127746775258e+01 -3.758911409386101354e+01 -3.779567281755831232e+01
-3.884441785395904390e+01 -3.928372807996718308e+01 -3.886922957066167328e+01
-3.966873850196472517e+01 -4.031048014169385851e+01 -4.034415725409800757e+01
-3.954870293337610576e+01 -4.022978031863532067e+01 -3.960105412291611771e+01
-3.998436427238256385e+01 -4.013996142307190951e+01 -4.050255129463889148e+01
-4.025797167071706184e+01 -4.065191628589644068e+01 -4.072173081583105159e+01
-3.897258632612401641e+01 -3.937975252577965080e+01 -3.968696636543688072e+01
-3.689771665659941391e+01 -3.714626773826132933e+01 -3.791369407950805481e+01
-3.578671779457351221e+01 -3.580835395381190267e+01 -3.633980536894394220e+01
-3.361401613912484976e+01 -3.464706780456119617e+01 -3.444046352028723135e+01
-3.194450070041277101e+01 -3.236771585553223218e+01 -3.264167571370231258e+01
-3.027601912552091434e+01 -3.067699428581929055e+01 -3.010894860069495849e+01
-2.892144913686782459e+01 -2.873540767405726726e+01 -2.887406297403077104e+01
-2.704041894456361561e+01 -2.678980184824081689e+01 -2.722523151131325392e+01
-2.438796251061177500e+01 -2.502450835415836039e+01 -2.519089746610747582e+01
-2.361384734773678318e+01 -2.385836377266005215e+01 -2.356778399598659135e+01
-2.323514888132458012e+01 -2.324585818439294016e+01 -2.320647315772163921e+01
-2.186246979401491330e+01 -2.192399198000555671e+01 -2.153101258396802464e+01
-2.023702867458433019e+01 -2.051650170045520127e+01 -2.083248684127651629e+01
-1.955707282242186196e+01 -1.944281857206149056e+01 -1.938339382751189888e+01
-1.685139664985182861e+01 -1.594705507670562561e+01 -1.715292164153999366e+01
-1.521761046922566152e+01 -1.538066745629454601e+01 -1.536563652255230572e+01
-1.293408153793960480e+01 -1.330315455291024485e+01 -1.360743170029232196e+01
-1.285343425919906224e+01 -1.309623828716277494e+01 -1.317211574677070729e+01
-9.922816343973821063e+00 -8.787151073982695237e+00 -9.251009229006418977e+00
-6.938655157595681189e+00 -7.949111472073029816e+00 -7.851350143347104904e+00
-5.823627586993694649e+00 -6.089169997779065646e+00 -6.187626062530223514e+00
-5.944353532428710452e+00 -5.657819576946686801e+00 -5.927806666651592060e+00
-4.636221140427237764e+00 -4.461052731570427810e+00 -2.970099999999999962e+00
0.000000000000000000e+00 0.000000000000000000e+00 0.000000000000000000e+00
0.000000000000000000e+00 0.000000000000000000e+00 0.000000000000000000e+00
0.000000000000000000e+00 0.000000000000000000e+00 0.000000000000000000e+00
0.000000000000000000e+00 0.000000000000000000e+00 0.000000000000000000e+00
0.000000000000000000e+00 0.000000000000000000e+00 0.000000000000000000e+00
0.000000000000000000e+00 0.000000000000000000e+00 0.000000000000000000e+00
-2.132948738486729212e+01 -2.034583722420167717e+01 -2.087272059740467256e+01
-1.785018475687265749e+01 -1.864506333371546631e+01 -1.798870673418041477e+01
-1.903397580285514579e+01 -1.872988423182378526e+01 -1.896353529574100705e+01
-1.962986381078070153e+01 -1.902368622011512400e+01 -1.953040037103969695e+01
-2.212241597756699818e+01 -2.292212658273538750e+01 -2.262907087269752893e+01
-2.364155296882242041e+01 -2.390424688309902379e+01 -2.368581645627494581e+01
-2.491662296383075770e+01 -2.515116521883243195e+01 -2.538902507173630241e+01
-2.726590591940822605e+01 -2.758717237070622375e+01 -2.741924593207950167e+01
-2.922913738542869666e+01 -2.937093716032051560e+01 -2.962869692675745270e+01
-3.161389655179259961e+01 -3.163741483701292623e+01 -3.167616648771256038e+01
-3.359508539032934493e+01 -3.345460107666144012e+01 -3.334241225503937045e+01
-3.507343214369952733e+01 -3.485925684292825366e+01 -3.488837217196209650e+01
-3.685197035249889552e+01 -3.702204836423614154e+01 -3.707757047370894554e+01
-3.820750129211969437e+01 -3.813173166908274681e+01 -3.816251329491888100e+01
-4.146174092916678688e+01 -4.155133176783431992e+01 -4.144791786574761971e+01
-4.468461182617877370e+01 -4.466510032484621462e+01 -4.464442803083070999e+01
-4.504008817622997185e+01 -4.525348040765945257e+01 -4.523210589086360756e+01
-4.498128251513873010e+01 -4.521166084045843547e+01 -4.503252970807633204e+01
-4.428373407965288777e+01 -4.427400403661184214e+01 -4.442283016671064644e+01
-4.250491005072473172e+01 -4.246628954279645995e+01 -4.265028185933125826e+01
-4.206516794299180617e+01 -4.257829337076285015e+01 -4.218167515464288897e+01
-3.800133028081691577e+01 -3.796989052835263578e+01 -3.842341780323424416e+01
-3.683343561074882899e+01 -3.708141247479676395e+01 -3.733959334926286999e+01
-3.433983854349742870e+01 -3.431072429190029993e+01 -3.417824855593291034e+01
-3.226767789272471987e+01 -3.238680782970037342e+01 -3.249719142926626603e+01
-3.080784589564610698e+01 -3.087057291828234895e+01 -3.071048538212400203e+01
-2.892578788564567915e+01 -2.870633059210739901e+01 -2.893132317422946898e+01
-2.670215802998048815e+01 -2.690858442199418477e+01 -2.738863528947863912e+01
-2.420624429637883424e+01 -2.451770299924240248e+01 -2.460826755466000648e+01
-2.425639977588295437e+01 -2.392907510062297760e+01 -2.444868084962289245e+01
-2.309867334346268208e+01 -2.331131378865373804e+01 -2.357847458616546632e+01
-2.097202415393164188e+01 -2.092649538070310555e+01 -1.946462067341134983e+01
-2.042029880535267594e+01 -2.062745754521538544e+01 -2.061940348084743491e+01
-1.835605208183752524e+01 -1.832362806246767306e+01 -1.850628877041899756e+01
-1.694217569747160823e+01 -1.691833558926008152e+01 -1.725995059458706038e+01
-1.354670907493686016e+01 -1.448937559162330047e+01 -1.472977743552146990e+01
-1.308595909470670016e+01 -1.280658131214824280e+01 -1.314540484894349426e+01
-1.204885097171098707e+01 -1.200416675205708472e+01 -1.251803970521652509e+01
-8.132764292397233419e+00 -8.158420294909786818e+00 -8.249412710267286286e+00
-6.474263417418804956e+00 -7.628832174392167431e+00 -6.918061729150582373e+00
-7.399009768660114617e+00 -7.605619458222017570e+00 -8.076502075040423279e+00
-5.684471181073579515e+00 -5.670949103646108824e+00 -5.697099003782766680e+00
-5.683568720513911821e+00 -5.528282957562033140e+00 -5.851985059899999619e+00
-4.180548002500000138e+00 -3.293533000000000044e+00 -4.244555069766999367e+00
-1.000000000000000000e+00 -1.000000000000000000e+00 -1.000000000000000000e+00
0.000000000000000000e+00 0.000000000000000000e+00 0.000000000000000000e+00
0.000000000000000000e+00 0.000000000000000000e+00 0.000000000000000000e+00
0.000000000000000000e+00 0.000000000000000000e+00 0.000000000000000000e+00
-2.146669177437378906e+01 -2.157162768687323862e+01 -2.125711514243394262e+01
-1.821333411119944046e+01 -1.843329513802522257e+01 -1.838748963312100670e+01
-1.857944434691670210e+01 -1.923463664091031333e+01 -1.865010238593072600e+01
-2.039698958706011211e+01 -2.081152609974358114e+01 -2.030556758729731115e+01
-2.290114378120167515e+01 -2.298274860179129320e+01 -2.321913569164464874e+01
-2.377974819596713019e+01 -2.374108730186309302e+01 -2.364099309663403403e+01
-2.535719115517446909e+01 -2.527326984092826834e+01 -2.536291292765366023e+01
-2.743334900178528457e+01 -2.717426567392388392e+01 -2.734378078446961169e+01
-2.876108437023739484e+01 -2.894825662480081974e+01 -2.876646864632348510e+01
-3.101292926096508396e+01 -3.128313577026317205e+01 -3.125865238678983005e+01
-3.309343930389152888e+01 -3.273324804529758580e+01 -3.298070628025260476e+01
-3.375867017370085676e+01 -3.417200103562449698e+01 -3.397960869104103665e+01
-3.689863839932002065e+01 -3.642445766080643921e+01 -3.637542770076102272e+01
-3.779052790136299222e+01 -3.811176824971589383e+01 -3.783327928840819965e+01
-4.142820691297963975e+01 -4.122845838432931487e+01 -4.110229938631640323e+01
-4.378142157147195235e+01 -4.351128822557317477e+01 -4.309109500397526915e+01
-4.502663152430692151e+01 -4.446945723835521846e+01 -4.449578392143744310e+01
-4.781728050190933743e+01 -4.815564861581986378e+01 -4.784721038125056936e+01
-4.529894538463846487e+01 -4.540411909979814453e+01 -4.526489915020367505e+01
-4.256630196961422996e+01 -4.248827818562055825e+01 -4.263091894096312728e+01
-4.268015729944723091e+01 -4.257749257436515222e+01 -4.274916106247881231e+01
-3.811005902974455495e+01 -3.843250688509348834e+01 -3.824233248465238688e+01
-3.809790614658199814e+01 -3.848581171354181407e+01 -3.807483627823913253e+01
-3.510569725866183433e+01 -3.480236830254373359e+01 -3.498685528710884540e+01
-3.307231939350538852e+01 -3.278150992397760177e+01 -3.312922989087889647e+01
-3.193648394250801914e+01 -3.177057875232513950e+01 -3.212123217055965085e+01
-2.812900642124726147e+01 -2.864491802401436260e+01 -2.825923593830005842e+01
-2.775882328416955858e+01 -2.780582853407574717e+01 -2.801641765452821176e+01
-2.481511603944508693e+01 -2.472053528160681424e+01 -2.430349145261935462e+01
-2.479214055960214225e+01 -2.483301053207533116e+01 -2.486231418248961944e+01
-2.401722922525825865e+01 -2.430441032701493143e+01 -2.430265533108784837e+01
-2.063030796788236998e+01 -2.047380294801182643e+01 -2.093510908791743574e+01
-2.142376753851792515e+01 -2.154908132701132573e+01 -2.146247779309823400e+01
-1.825447328601091002e+01 -1.757962107598595836e+01 -1.842124123644293832e+01
-1.548816919176609730e+01 -1.620688363460572745e+01 -1.537553945206529704e+01
-1.299858246195233136e+01 -1.279749152592732742e+01 -1.284275160000993132e+01
-1.197768397512939309e+01 -1.092854328589649526e+01 -1.145444297895793895e+01
-1.162585254507867738e+01 -1.174700997858326268e+01 -1.113591798989894777e+01
-8.088735150313155486e+00 -8.811230306080426899e+00 -8.050576165962379349e+00
-7.428601935927042987e+00 -6.678097850820339687e+00 -6.689672496439833083e+00
-9.336795090783198248e+00 -8.883628118461341927e+00 -8.824895481830882460e+00
-5.869981576249441169e+00 -6.074582598444261627e+00 -5.586198011279768671e+00
-4.530913730457141853e+00 -4.900995009999999930e+00 -5.059493351649999582e+00
-7.000524112766391305e+00 -6.939347002905991602e+00 -7.022826681109432201e+00
-6.537842323586867010e+00 -6.651145151559774149e+00 -6.793465209300999952e+00
0.000000000000000000e+00 0.000000000000000000e+00 0.000000000000000000e+00
0.000000000000000000e+00 0.000000000000000000e+00 0.000000000000000000e+00
0.000000000000000000e+00 0.000000000000000000e+00 0.000000000000000000e+00
-1.984131224774347402e+01 -2.003115450107685547e+01 -1.993828993689793450e+01
-1.723460149783781503e+01 -1.745099394682265270e+01 -1.689852770811368288e+01
-1.922867803718392921e+01 -1.917511516945332417e+01 -1.882581546872595624e+01
-1.867601054420678963e+01 -1.891057049995458073e+01 -1.886656899336196247e+01
-2.223457758864708822e+01 -2.205986962320341860e+01 -2.195555909742178002e+01
-2.277669800036960623e+01 -2.308093304171167404e+01 -2.293898616844896310e+01
-2.452313269992385969e+01 -2.380356478333529324e+01 -2.356662130677742439e+01
-2.627206498120711586e+01 -2.565945910868187596e+01 -2.563975086600590458e+01
-2.742463932531788018e+01 -2.687792632449638219e+01 -2.658679214942760893e+01
-2.965640243701112411e+01 -2.961134453594882743e+01 -2.959899919453767581e+01
-3.105828955115539713e+01 -3.091314116638935516e+01 -3.096336051900355102e+01
-3.273708487760707442e+01 -3.266429481719006844e+01 -3.216829436993761249e+01
-3.425826381697555689e+01 -3.391633249606810097e+01 -3.372634430325402377e+01
-3.652517540376636873e+01 -3.615959572150193679e+01 -3.594145556865886704e+01
-3.799148579448505814e+01 -3.727460512190014441e+01 -3.701472233583594118e+01
-4.058026911399266368e+01 -3.950594273927874411e+01 -3.965675910313268560e+01
-4.152999642259934632e+01 -4.098255709893132348e+01 -4.092805105624358220e+01
-4.131562654479466090e+01 -4.094481310345523895e+01 -4.060033280605852468e+01
-4.177564249750131609e+01 -4.062955446625187506e+01 -4.065382239396265618e+01
-4.068991313005285093e+01 -4.053257000414922118e+01 -4.026437818484454567e+01
-3.962772416395517183e+01 -3.961525032622360243e+01 -3.960433124665052418e+01
-3.841790712523679474e+01 -3.830470160761836240e+01 -3.826142832781405900e+01
-3.661658064035611915e+01 -3.671475447477418896e+01 -3.635518573797561714e+01
-3.430698938989358027e+01 -3.439577678691900076e+01 -3.418710036362962512e+01
-3.204823996418964072e+01 -3.230662650098699373e+01 -3.211352674651577388e+01
-3.084552154491573006e+01 -3.016052081829823095e+01 -3.062771576656723127e+01
-2.870123285098608434e+01 -2.869812524534244602e+01 -2.879777550577806977e+01
-2.735345707573656071e+01 -2.693820945236691955e+01 -2.684050109813921736e+01
-2.504938406996072331e+01 -2.524131350196241286e+01 -2.524369102735381176e+01
-2.493850411174751258e+01 -2.495320114561030067e+01 -2.509746489198269259e+01
-2.348726310365059078e+01 -2.320089685395935675e+01 -2.328159754241068669e+01
-2.128194229512497060e+01 -2.119452727313352014e+01 -2.105843857447935008e+01
-1.983981552667883008e+01 -1.917993497231691080e+01 -1.906490330708707859e+01
-1.755281700245940613e+01 -1.673512171133297244e+01 -1.661870237333431533e+01
-1.444074027435403984e+01 -1.424825859626759161e+01 -1.417244219359343482e+01
-1.250003780302713707e+01 -1.077767725233769269e+01 -1.128461684837032664e+01
-1.178605393078734487e+01 -1.156993452429098568e+01 -1.159255535552398975e+01
-1.039958559576950314e+01 -1.057498217409917807e+01 -1.034769503804422186e+01
-8.930776385524097805e+00 -8.504668155773636329e+00 -8.648275251635910266e+00
-8.534997537518407285e+00 -8.724391423344014740e+00 -8.669631231876433475e+00
-8.027494592744076840e+00 -7.484482089626156132e+00 -7.633615526817651542e+00
-5.468224352001334054e+00 -5.340296259030368198e+00 -4.900995009999999930e+00
-4.606303494039257984e+00 -4.508836680782421169e+00 -4.321419213306699980e+00
-4.537473192533440169e+00 -4.408960324313440537e+00 -4.527038810597499463e+00
-4.794320966783665483e+00 -3.940398999999999763e+00 -2.970099999999999962e+00
0.000000000000000000e+00 0.000000000000000000e+00 0.000000000000000000e+00
0.000000000000000000e+00 0.000000000000000000e+00 0.000000000000000000e+00
0.000000000000000000e+00 0.000000000000000000e+00 0.000000000000000000e+00
-1.848310280405470962e+01 -1.828941179437119047e+01 -1.890973442544218486e+01
-1.852564140348617272e+01 -1.834229037273497553e+01 -1.821688546254702246e+01
-1.869046615576860049e+01 -1.729447922169561380e+01 -1.785274699491336747e+01
-1.867329685885020751e+01 -1.915449455551449631e+01 -1.880370129254823652e+01
-1.970472665951830038e+01 -1.961226652061920461e+01 -1.935565709727784167e+01
-2.128050511527995781e+01 -2.151042705291152402e+01 -2.129635497709221070e+01
-2.245720589662413147e+01 -2.195543691106450979e+01 -2.161464877780299076e+01
-2.359742568746472458e+01 -2.280034705016325347e+01 -2.260618001261714127e+01
-2.510856493843273540e+01 -2.497279645889618749e+01 -2.463170604854031254e+01
-2.688422901966436029e+01 -2.664467160933459411e+01 -2.595858022386524766e+01
-2.820279058634019265e+01 -2.798592869541233341e+01 -2.797111061155751344e+01
-2.892037716678449044e+01 -3.040635200949870054e+01 -2.911892690966169539e+01
-3.173465918342831316e+01 -3.136024066688851875e+01 -3.107601156884354765e+01
-3.232139110639290180e+01 -3.187403193863120521e+01 -3.182095209749489229e+01
-3.339593598722970569e+01 -3.348874633664610911e+01 -3.325619097031847815e+01
-3.403325613087133661e+01 -3.485263011252391863e+01 -3.406908841445412861e+01
-3.600477712723246526e+01 -3.581717356764892912e+01 -3.542760021069463505e+01
-3.694312568969337462e+01 -3.684666304363813794e+01 -3.665674119810239517e+01
-3.826297931109572659e+01 -3.736481939221785353e+01 -3.698430317513839327e+01
-3.684736686990660104e+01 -3.688318368191133345e+01 -3.661156996385586382e+01
-3.603689429103426534e+01 -3.602750766053206632e+01 -3.543182420199732974e+01
-3.530582455796417918e+01 -3.519367188336958208e+01 -3.465610557545283399e+01
-3.399123595769232509e+01 -3.368715611061895743e+01 -3.357781989850359849e+01
-3.230267791375706565e+01 -3.179074172629606210e+01 -3.177099820373876682e+01
-3.103444383373118853e+01 -3.047775079609938231e+01 -3.048044135117598330e+01
-2.947129608356248553e+01 -2.877730532344637027e+01 -2.891329713152347836e+01
-2.801828797228984058e+01 -2.722499047532754446e+01 -2.705492403721728323e+01
-2.487734640020045518e+01 -2.577162424760786053e+01 -2.579337497557381909e+01
-2.456815601865359255e+01 -2.465241973525571595e+01 -2.477507939739733089e+01
-2.336824835350846286e+01 -2.365371103587224155e+01 -2.350750888908942215e+01
-2.146937025445111402e+01 -2.217910041818452171e+01 -2.144924108723155243e+01
-1.936801183597219733e+01 -1.989122417211733662e+01 -1.939188529041327413e+01
-1.756355391199226545e+01 -1.696258743669313418e+01 -1.650938625787520664e+01
-1.432354244788307440e+01 -1.421020856646759434e+01 -1.437034599043042959e+01
-1.295960159669596123e+01 -1.223007144653165845e+01 -1.203670502208790616e+01
-1.158148318745872096e+01 -1.174387617266145689e+01 -1.161479544907919959e+01
-1.062836333941204536e+01 -1.123382572722374562e+01 -1.077241547625228257e+01
-8.816052834057661158e+00 -9.373206218799216671e+00 -9.227201219888597095e+00
-8.322839430195472232e+00 -8.011141259885437904e+00 -8.021118267800220636e+00
-7.717118860375561162e+00 -6.415140226148697167e+00 -6.897630919540018724e+00
-6.668998862453773491e+00 -4.886866668046437212e+00 -4.153069095731105165e+00
-4.860567332177571309e+00 -4.569203115138571469e+00 -3.844878453999999834e+00
-4.876994349836129672e+00 -4.425014835549999859e+00 -4.264323558319449425e+00
-4.466145388716999065e+00 -3.373574499999999698e+00 -3.571665778000000291e+00
-1.983416499999999916e+00 -1.986699999999999910e+00 -1.989999999999999991e+00
0.000000000000000000e+00 0.000000000000000000e+00 0.000000000000000000e+00
0.000000000000000000e+00 0.000000000000000000e+00 0.000000000000000000e+00
0.000000000000000000e+00 0.000000000000000000e+00 0.000000000000000000e+00
0.000000000000000000e+00 0.000000000000000000e+00 0.000000000000000000e+00
-1.677183999795956737e+01 -1.697153532724876968e+01 -1.702583078323868904e+01
-1.778079197097714470e+01 -1.795569497309640994e+01 -1.763811863761892340e+01
-1.767368171533987464e+01 -1.768818390613090230e+01 -1.671150173592950239e+01
-1.756404776267967449e+01 -1.757766845635648068e+01 -1.734698862767332628e+01
-1.892014281028973599e+01 -1.829763102137327024e+01 -1.818064977111586344e+01
-1.975978884757051546e+01 -1.906413599821179972e+01 -1.920852945886491270e+01
-2.068263525057534835e+01 -2.078395618345888352e+01 -2.061241136141538632e+01
-2.096813869751981585e+01 -2.220050022491845354e+01 -2.087681378178893610e+01
-2.271671178216888265e+01 -2.241151074377541974e+01 -2.287737962084988297e+01
-2.511608098519325338e+01 -2.469514237922422950e+01 -2.428580428577256711e+01
-2.684776208218312732e+01 -2.641999151967560167e+01 -2.634505848686320206e+01
-2.684992744787746943e+01 -2.740009744840759254e+01 -2.676628417517268232e+01
-2.906073349563040509e+01 -2.897397313964736654e+01 -2.837383027118393386e+01
-2.986369410304680017e+01 -2.925145121230395873e+01 -2.969189449283102533e+01
-2.978456726012574407e+01 -3.039037261959834169e+01 -2.998751688427768158e+01
-3.122101738782297176e+01 -3.020564151922693341e+01 -3.019324903559108719e+01
-3.161943822443603835e+01 -3.047894036835863929e+01 -3.056327672972807719e+01
-3.160296871488631609e+01 -3.047856766056505506e+01 -3.029159233547002472e+01
-3.173221585945030654e+01 -3.121858353364200056e+01 -3.017796844282745283e+01
-3.116386205267693654e+01 -3.110803272472688974e+01 -3.088286679611942276e+01
-3.022024840794894374e+01 -3.063837976166681543e+01 -3.025415301324915873e+01
-2.959509264067486001e+01 -2.917074223882454476e+01 -2.915401351940343844e+01
-2.936295668171585760e+01 -2.824281566514934738e+01 -2.813837863353927915e+01
-2.767410755252976173e+01 -2.716955481516424342e+01 -2.672695430986576781e+01
-2.618700597301208788e+01 -2.489888768491170978e+01 -2.498097447335358012e+01
-2.512507029374314627e+01 -2.489045460818541144e+01 -2.447264582163588997e+01
-2.356246519373109649e+01 -2.337970089500048232e+01 -2.308323687121888312e+01
-2.187885771284395986e+01 -2.306869330472861179e+01 -2.180138948770580498e+01
-2.032014770194451359e+01 -2.158793239402356079e+01 -1.983145304246449570e+01
-1.806919605129134965e+01 -1.733743807189961572e+01 -1.707799583446858804e+01
-1.451858418584275157e+01 -1.565161608832686646e+01 -1.530982073562727841e+01
-1.488223668098971686e+01 -1.552498135344834651e+01 -1.377652444992156688e+01
-1.267306235798885794e+01 -1.268341485006664371e+01 -1.230643836585481488e+01
-1.139793049727222041e+01 -1.154777070983815790e+01 -1.095381783192150138e+01
-1.085400793512549811e+01 -9.873019474734771705e+00 -9.505185787483528159e+00
-8.454716962402976321e+00 -9.444047845652553619e+00 -8.808048718799348364e+00
-8.118882768088530710e+00 -7.564956786309153358e+00 -7.122389302338113737e+00
-7.454546620748459418e+00 -7.720815093004318008e+00 -6.762546622242012972e+00
-5.377758714594934375e+00 -5.715454818131193271e+00 -5.607330896945064147e+00
-4.805621117320795221e+00 -4.992815724774507302e+00 -4.923125856877908824e+00
-3.755998141505714649e+00 -4.056367245744587180e+00 -3.992419155137499676e+00
-3.896040455684063541e+00 -2.952134766999999549e+00 -2.913472000000000062e+00
-2.885162083750000050e+00 -2.561316624999999902e+00 -3.008078875000000263e+00
-1.989999999999999991e+00 -1.983416499999999916e+00 -1.986699999999999910e+00
0.000000000000000000e+00 0.000000000000000000e+00 0.000000000000000000e+00
0.000000000000000000e+00 0.000000000000000000e+00 0.000000000000000000e+00
0.000000000000000000e+00 0.000000000000000000e+00 0.000000000000000000e+00
0.000000000000000000e+00 0.000000000000000000e+00 0.000000000000000000e+00
0.000000000000000000e+00 0.000000000000000000e+00 0.000000000000000000e+00
0.000000000000000000e+00 0.000000000000000000e+00 0.000000000000000000e+00
-1.358871689814928629e+01 -1.614310294833684978e+01 -1.696417035359343828e+01
-1.659086288576557422e+01 -1.648631798602826493e+01 -1.526811211423220271e+01
-1.608561249667250692e+01 -1.644706367345660425e+01 -1.582060778267271672e+01
-1.648648707313163442e+01 -1.575067304834526816e+01 -1.578480829556386134e+01
-1.762357065944182821e+01 -1.700141181377671629e+01 -1.787507379638023863e+01
-1.824327423272121607e+01 -1.824858929085743497e+01 -1.808415894400407353e+01
-1.876233682189914376e+01 -1.924908997592563153e+01 -1.844619170913317774e+01
-1.984662921716541106e+01 -2.094967853109601208e+01 -1.984171077077201062e+01
-2.224038809418514973e+01 -2.131387309167196165e+01 -2.104084056355442911e+01
-2.344836422633634143e+01 -2.285870929384487482e+01 -2.188230620093995427e+01
-2.457500277437809544e+01 -2.406804642620149082e+01 -2.348895531442889961e+01
-2.504699993974062977e+01 -2.471438118278372897e+01 -2.466467410212548472e+01
-2.493459465545571163e+01 -2.480459698524905221e+01 -2.465491867108089963e+01
-2.577084684451411789e+01 -2.528170710576270253e+01 -2.485715012908689303e+01
-2.635815913115436260e+01 -2.590522474743440284e+01 -2.540697443844264214e+01
-2.649621300410274216e+01 -2.521068654366277428e+01 -2.520608016356054293e+01
-2.669955975940148107e+01 -2.665292203498839996e+01 -2.545350985109540431e+01
-2.728888902234363911e+01 -2.652973570895453648e+01 -2.559084938687378141e+01
-2.564415195529119629e+01 -2.598035792528213506e+01 -2.572899653001213238e+01
-2.524044777790510352e+01 -2.558427006038260743e+01 -2.496882293519571760e+01
-2.522856882982398830e+01 -2.412903918773230671e+01 -2.431773618344625376e+01
-2.353634710202193148e+01 -2.349937061738799216e+01 -2.367273699969391387e+01
-2.257167316962490844e+01 -2.278277296512957761e+01 -2.235808420678789332e+01
-2.220243775480999204e+01 -2.093514357841120699e+01 -2.086276148809649911e+01
-2.039116968505749838e+01 -1.921986950749219858e+01 -1.917573292817035124e+01
-1.806395215153306566e+01 -1.767815073627194877e+01 -1.750803099664464568e+01
-1.530487889451323547e+01 -1.535553418171931384e+01 -1.561050031736521149e+01
-1.494170750081041810e+01 -1.499031862875928844e+01 -1.391862955437202842e+01
-1.276835797575692766e+01 -1.421664272964387976e+01 -1.261923435465346977e+01
-1.206797224962093473e+01 -1.141399167670790149e+01 -1.082717024225121705e+01
-9.444068295068074548e+00 -1.057797751061032265e+01 -9.516973010446863057e+00
-9.253629848119578227e+00 -9.286863995154352125e+00 -8.273072880159785925e+00
-7.649508052238252809e+00 -7.327953789208700108e+00 -7.192944362242822187e+00
-5.908447331077792519e+00 -7.952501770986676100e+00 -5.830085685263351358e+00
-4.352135309233602811e+00 -4.505835807459058984e+00 -4.453601541462399283e+00
-5.902026798856130796e+00 -4.361892286208989056e+00 -2.970099999999999962e+00
-5.636251019856711508e+00 -2.970099999999999962e+00 -2.970099999999999962e+00
-4.083849605153350382e+00 -4.434629414065074826e+00 -1.989999999999999991e+00
-4.100498335000000161e+00 -1.989999999999999991e+00 -1.329174999999999995e+00
-2.805116500000000013e+00 -1.000000000000000000e+00 -1.000000000000000000e+00
-2.480050000000000310e+00 -1.000000000000000000e+00 0.000000000000000000e+00
-1.000000000000000000e+00 -1.000000000000000000e+00 0.000000000000000000e+00
0.000000000000000000e+00 0.000000000000000000e+00 0.000000000000000000e+00
0.000000000000000000e+00 0.000000000000000000e+00 0.000000000000000000e+00
0.000000000000000000e+00 0.000000000000000000e+00 0.000000000000000000e+00
0.000000000000000000e+00 0.000000000000000000e+00 0.000000000000000000e+00
0.000000000000000000e+00 0.000000000000000000e+00 0.000000000000000000e+00
0.000000000000000000e+00 0.000000000000000000e+00 0.000000000000000000e+00
0.000000000000000000e+00 0.000000000000000000e+00 0.000000000000000000e+00
0.000000000000000000e+00 0.000000000000000000e+00 0.000000000000000000e+00
-1.476765887468701166e+01 0.000000000000000000e+00 0.000000000000000000e+00
-1.411128323724591205e+01 -1.467848462699707035e+01 -1.457660876443533304e+01
-1.419671556197454620e+01 -1.409487310039414965e+01 -1.341990818049652567e+01
-1.437889595923387809e+01 -1.427658611207054129e+01 -1.344305013932626203e+01
-1.425981527908376378e+01 -1.429951509965986922e+01 -1.410657166901636117e+01
-1.582286722826222558e+01 -1.621285222756397459e+01 -1.474888673110850768e+01
-1.618972457011503607e+01 -1.652879008045037423e+01 -1.642321940765079091e+01
-1.875624449905988200e+01 -1.757512391479930258e+01 -1.708766078666118204e+01
-1.789412232501446098e+01 -1.926181102517167787e+01 -1.798409087221692104e+01
-1.985139933124493083e+01 -1.954659178699544242e+01 -1.876497889480912562e+01
-2.111093087083046171e+01 -1.970923242207056347e+01 -1.923023346555295277e+01
-2.037675984761084536e+01 -2.030886184147976792e+01 -1.994728055304957692e+01
-2.021455403723211575e+01 -2.122490410337741906e+01 -1.995192042589065196e+01
-2.078553884298834475e+01 -2.103279954227116377e+01 -2.059072977856489572e+01
-2.184406536155256262e+01 -2.077574982591608332e+01 -2.088671175902677746e+01
-2.073595923383397732e+01 -2.433063618041181897e+01 -2.032997399490579582e+01
-2.378180147083817175e+01 -2.079862381460824139e+01 -2.020675512095895598e+01
-2.031050502885993581e+01 -2.122300921199931167e+01 -1.961901749296123043e+01
-2.131374511458128751e+01 -1.975431347967293405e+01 -1.898771124014896117e+01
-1.769870322471146551e+01 -1.732828259234490886e+01 -1.736038992877288578e+01
-1.902580611229623386e+01 -1.792487067980315274e+01 -1.659832602669652957e+01
-1.647096039493023056e+01 -1.609695312247210097e+01 -1.564309630940479146e+01
-1.427688739027257725e+01 -1.510755739431506228e+01 -1.395898327981764453e+01
-1.306832577922885896e+01 -1.256536118215503350e+01 -1.249764652126669517e+01
-1.428326629695177097e+01 -1.246523931221985215e+01 -1.141875127395450740e+01
-1.183182836191580733e+01 -1.117356566613703173e+01 -1.016483074473973325e+01
-1.057975444145965760e+01 -9.263247184570383652e+00 -9.509831883652838158e+00
-9.434286408899330567e+00 -9.013261160521347293e+00 -8.693243316907839358e+00
-7.807207096370955668e+00 -7.952624756376008186e+00 -7.583972181892408848e+00
-7.410996352687125643e+00 -7.027544766612695781e+00 -5.940973055176663742e+00
-5.898393100071913864e+00 -5.280085624041979564e+00 -5.626989651514527679e+00
-3.863104558328602334e+00 -3.579982324291291818e+00 -4.432687121524713447e+00
0.000000000000000000e+00 0.000000000000000000e+00 0.000000000000000000e+00
0.000000000000000000e+00 0.000000000000000000e+00 0.000000000000000000e+00
0.000000000000000000e+00 0.000000000000000000e+00 0.000000000000000000e+00
0.000000000000000000e+00 0.000000000000000000e+00 0.000000000000000000e+00
0.000000000000000000e+00 0.000000000000000000e+00 0.000000000000000000e+00
0.000000000000000000e+00 0.000000000000000000e+00 0.000000000000000000e+00
0.000000000000000000e+00 0.000000000000000000e+00 0.000000000000000000e+00
0.000000000000000000e+00 0.000000000000000000e+00 0.000000000000000000e+00
0.000000000000000000e+00 0.000000000000000000e+00 0.000000000000000000e+00
0.000000000000000000e+00 0.000000000000000000e+00 0.000000000000000000e+00
0.000000000000000000e+00 0.000000000000000000e+00 0.000000000000000000e+00
0.000000000000000000e+00 0.000000000000000000e+00 0.000000000000000000e+00
0.000000000000000000e+00 0.000000000000000000e+00 0.000000000000000000e+00
0.000000000000000000e+00 0.000000000000000000e+00 0.000000000000000000e+00
0.000000000000000000e+00 0.000000000000000000e+00 0.000000000000000000e+00
0.000000000000000000e+00 0.000000000000000000e+00 0.000000000000000000e+00
0.000000000000000000e+00 0.000000000000000000e+00 0.000000000000000000e+00
0.000000000000000000e+00 0.000000000000000000e+00 0.000000000000000000e+00
0.000000000000000000e+00 0.000000000000000000e+00 0.000000000000000000e+00
-1.228737429345183152e+01 0.000000000000000000e+00 0.000000000000000000e+00
-1.188833307172925124e+01 -1.174764493087342032e+01 -1.196169203377813339e+01
-1.137607384325436222e+01 -1.139508265942736820e+01 -1.133748525052436129e+01
-1.216842625286978574e+01 -1.198580790188259293e+01 -1.078557045577946738e+01
-1.303004676385354088e+01 -1.059579601536927562e+01 -1.182649123219153964e+01
-1.408779963063280150e+01 -1.214325839423175601e+01 -1.212794269197452657e+01
-1.487233413387718173e+01 -1.334757731796123359e+01 -1.465435892261577067e+01
-1.484947190670573747e+01 -1.459114896557484187e+01 -1.404090564288640763e+01
-1.429446971278916045e+01 -1.406888752471156856e+01 -1.446177872452623170e+01
-1.709551903408859985e+01 -1.530058302969788997e+01 -1.467900493896555325e+01
-1.633188249507315959e+01 -1.529655034200845698e+01 -1.544197180063012809e+01
-1.583045748287880805e+01 -1.636608496520751999e+01 -1.490817935012183781e+01
-1.548231320120270205e+01 -1.626907251135387611e+01 -1.474600789480209784e+01
-1.609253860028267624e+01 -1.479796943269933074e+01 -1.473392742712951531e+01
-1.538128172868232291e+01 -1.678134119924937551e+01 -1.403991642549564567e+01
-1.569842555983891508e+01 -1.361482193937328411e+01 -1.335598666113910760e+01
-1.358039028244675528e+01 -1.246204792311345244e+01 -1.261429558647940219e+01
-1.372836988920987800e+01 -1.293161768853496341e+01 -1.237127408420541919e+01
-1.238157706337684161e+01 -1.187068405587874054e+01 -1.130041068862658271e+01
-1.105122206181537692e+01 -9.933920823103422393e+00 -1.029334135474029921e+01
-1.114760780925367989e+01 -1.051990442269992343e+01 -9.597475075560133462e+00
-8.694647861483893792e+00 -8.282870353437447264e+00 -8.119544800695848608e+00
-7.656626740620011695e+00 -8.374533955650981909e+00 -5.865431985011173133e+00
-7.470688894386490198e+00 -7.002989461348349209e+00 -8.054697688897592300e+00
-5.985330548696447650e+00 -7.045873560233702371e+00 -7.221173045838646942e+00
0.000000000000000000e+00 0.000000000000000000e+00 0.000000000000000000e+00
0.000000000000000000e+00 0.000000000000000000e+00 0.000000000000000000e+00
0.000000000000000000e+00 0.000000000000000000e+00 0.000000000000000000e+00
0.000000000000000000e+00 0.000000000000000000e+00 0.000000000000000000e+00
0.000000000000000000e+00 0.000000000000000000e+00 0.000000000000000000e+00
0.000000000000000000e+00 0.000000000000000000e+00 0.000000000000000000e+00
0.000000000000000000e+00 0.000000000000000000e+00 0.000000000000000000e+00
0.000000000000000000e+00 0.000000000000000000e+00 0.000000000000000000e+00
0.000000000000000000e+00 0.000000000000000000e+00 0.000000000000000000e+00
0.000000000000000000e+00 0.000000000000000000e+00 0.000000000000000000e+00
0.000000000000000000e+00 0.000000000000000000e+00 0.000000000000000000e+00
0.000000000000000000e+00 0.000000000000000000e+00 0.000000000000000000e+00
0.000000000000000000e+00 0.000000000000000000e+00 0.000000000000000000e+00
0.000000000000000000e+00 0.000000000000000000e+00 0.000000000000000000e+00
0.000000000000000000e+00 0.000000000000000000e+00 0.000000000000000000e+00
0.000000000000000000e+00 0.000000000000000000e+00 0.000000000000000000e+00
0.000000000000000000e+00 0.000000000000000000e+00 0.000000000000000000e+00
0.000000000000000000e+00 0.000000000000000000e+00 0.000000000000000000e+00
0.000000000000000000e+00 0.000000000000000000e+00 0.000000000000000000e+00
0.000000000000000000e+00 0.000000000000000000e+00 0.000000000000000000e+00
0.000000000000000000e+00 0.000000000000000000e+00 0.000000000000000000e+00
0.000000000000000000e+00 0.000000000000000000e+00 0.000000000000000000e+00
0.000000000000000000e+00 0.000000000000000000e+00 0.000000000000000000e+00
0.000000000000000000e+00 0.000000000000000000e+00 0.000000000000000000e+00
0.000000000000000000e+00 0.000000000000000000e+00 0.000000000000000000e+00
0.000000000000000000e+00 0.000000000000000000e+00 0.000000000000000000e+00
0.000000000000000000e+00 0.000000000000000000e+00 0.000000000000000000e+00
0.000000000000000000e+00 0.000000000000000000e+00 0.000000000000000000e+00
-3.986245627749999798e+00 -3.613731669999999507e+00 -1.000000000000000000e+00
-9.161460397781175047e+00 -4.471907229999999345e+00 -5.721614208943423208e+00
-9.609035087144299325e+00 -8.119620913112790106e+00 -8.376732262174410693e+00
-1.082816488099257590e+01 -8.764166581544072798e+00 -9.028058363232279504e+00
-1.145400522319459213e+01 -8.429177093130185483e+00 -8.326977980748983654e+00
-1.125065106744520094e+01 -1.031463685984325096e+01 -7.673493624054391837e+00
-1.091167519638706374e+01 -8.671132671832079808e+00 -9.172814030023870302e+00
-9.043001001904009684e+00 -1.129630624110722437e+01 -8.323042839970034024e+00
-9.882015047723045953e+00 -1.399204499151051451e+01 -9.334838843771693817e+00
-1.059391737124676780e+01 -8.526228913461068259e+00 -6.256908742037367688e+00
-1.025600979805897950e+01 -1.077711257762816288e+01 -4.290587186577086598e+00
-1.158135635437742472e+01 -6.990696110568896948e+00 -6.112415970171304558e+00
-6.269860393032877788e+00 -1.009860560903185700e+01 -5.189024010257455188e+00
-1.022915256323593347e+01 -9.565894781280134040e+00 -9.741232456583832189e+00
-8.478379737624296197e+00 0.000000000000000000e+00 0.000000000000000000e+00
0.000000000000000000e+00 0.000000000000000000e+00 0.000000000000000000e+00
0.000000000000000000e+00 0.000000000000000000e+00 0.000000000000000000e+00
0.000000000000000000e+00 0.000000000000000000e+00 0.000000000000000000e+00
0.000000000000000000e+00 0.000000000000000000e+00 0.000000000000000000e+00
0.000000000000000000e+00 0.000000000000000000e+00 0.000000000000000000e+00
0.000000000000000000e+00 0.000000000000000000e+00 0.000000000000000000e+00
0.000000000000000000e+00 0.000000000000000000e+00 0.000000000000000000e+00
0.000000000000000000e+00 0.000000000000000000e+00 0.000000000000000000e+00
0.000000000000000000e+00 0.000000000000000000e+00 0.000000000000000000e+00
0.000000000000000000e+00 0.000000000000000000e+00 0.000000000000000000e+00
0.000000000000000000e+00 0.000000000000000000e+00 0.000000000000000000e+00
0.000000000000000000e+00 0.000000000000000000e+00 0.000000000000000000e+00
0.000000000000000000e+00 0.000000000000000000e+00 0.000000000000000000e+00
0.000000000000000000e+00 0.000000000000000000e+00 0.000000000000000000e+00
0.000000000000000000e+00 0.000000000000000000e+00 0.000000000000000000e+00
0.000000000000000000e+00 0.000000000000000000e+00 0.000000000000000000e+00
0.000000000000000000e+00 0.000000000000000000e+00 0.000000000000000000e+00
0.000000000000000000e+00 0.000000000000000000e+00 0.000000000000000000e+00
0.000000000000000000e+00 0.000000000000000000e+00 0.000000000000000000e+00
0.000000000000000000e+00 0.000000000000000000e+00 0.000000000000000000e+00
0.000000000000000000e+00 0.000000000000000000e+00 0.000000000000000000e+00
0.000000000000000000e+00 0.000000000000000000e+00 0.000000000000000000e+00
0.000000000000000000e+00 0.000000000000000000e+00 0.000000000000000000e+00
0.000000000000000000e+00 0.000000000000000000e+00 0.000000000000000000e+00
0.000000000000000000e+00 0.000000000000000000e+00 0.000000000000000000e+00
0.000000000000000000e+00 0.000000000000000000e+00 0.000000000000000000e+00
0.000000000000000000e+00 0.000000000000000000e+00 0.000000000000000000e+00
0.000000000000000000e+00 0.000000000000000000e+00 0.000000000000000000e+00
0.000000000000000000e+00 0.000000000000000000e+00 0.000000000000000000e+00
0.000000000000000000e+00 0.000000000000000000e+00 0.000000000000000000e+00
0.000000000000000000e+00 0.000000000000000000e+00 0.000000000000000000e+00
0.000000000000000000e+00 0.000000000000000000e+00 0.000000000000000000e+00
0.000000000000000000e+00 0.000000000000000000e+00 0.000000000000000000e+00
0.000000000000000000e+00 0.000000000000000000e+00 0.000000000000000000e+00
0.000000000000000000e+00 0.000000000000000000e+00 0.000000000000000000e+00
0.000000000000000000e+00 0.000000000000000000e+00 0.000000000000000000e+00
0.000000000000000000e+00 0.000000000000000000e+00 0.000000000000000000e+00
0.000000000000000000e+00 0.000000000000000000e+00 0.000000000000000000e+00
0.000000000000000000e+00 0.000000000000000000e+00 0.000000000000000000e+00
0.000000000000000000e+00 0.000000000000000000e+00 0.000000000000000000e+00
0.000000000000000000e+00 0.000000000000000000e+00 0.000000000000000000e+00
0.000000000000000000e+00 0.000000000000000000e+00 0.000000000000000000e+00
0.000000000000000000e+00 0.000000000000000000e+00 0.000000000000000000e+00
0.000000000000000000e+00 0.000000000000000000e+00 0.000000000000000000e+00
0.000000000000000000e+00 0.000000000000000000e+00 0.000000000000000000e+00
0.000000000000000000e+00 0.000000000000000000e+00 0.000000000000000000e+00
0.000000000000000000e+00 0.000000000000000000e+00 0.000000000000000000e+00
0.000000000000000000e+00 0.000000000000000000e+00 0.000000000000000000e+00
0.000000000000000000e+00 0.000000000000000000e+00 0.000000000000000000e+00
0.000000000000000000e+00 0.000000000000000000e+00 0.000000000000000000e+00
0.000000000000000000e+00 0.000000000000000000e+00 0.000000000000000000e+00
0.000000000000000000e+00 0.000000000000000000e+00 0.000000000000000000e+00
0.000000000000000000e+00 0.000000000000000000e+00 0.000000000000000000e+00
0.000000000000000000e+00 0.000000000000000000e+00 0.000000000000000000e+00
0.000000000000000000e+00 0.000000000000000000e+00 0.000000000000000000e+00
0.000000000000000000e+00 0.000000000000000000e+00 0.000000000000000000e+00
0.000000000000000000e+00 0.000000000000000000e+00 0.000000000000000000e+00
0.000000000000000000e+00 0.000000000000000000e+00 0.000000000000000000e+00
0.000000000000000000e+00 0.000000000000000000e+00 0.000000000000000000e+00
0.000000000000000000e+00 0.000000000000000000e+00 0.000000000000000000e+00
0.000000000000000000e+00 0.000000000000000000e+00 0.000000000000000000e+00
0.000000000000000000e+00 0.000000000000000000e+00 0.000000000000000000e+00
0.000000000000000000e+00 0.000000000000000000e+00 0.000000000000000000e+00
0.000000000000000000e+00 0.000000000000000000e+00 0.000000000000000000e+00
0.000000000000000000e+00 0.000000000000000000e+00 0.000000000000000000e+00
0.000000000000000000e+00 0.000000000000000000e+00 0.000000000000000000e+00
0.000000000000000000e+00 0.000000000000000000e+00 0.000000000000000000e+00
0.000000000000000000e+00 0.000000000000000000e+00 0.000000000000000000e+00
0.000000000000000000e+00 0.000000000000000000e+00 0.000000000000000000e+00
0.000000000000000000e+00 0.000000000000000000e+00 0.000000000000000000e+00
0.000000000000000000e+00 0.000000000000000000e+00 0.000000000000000000e+00
0.000000000000000000e+00 0.000000000000000000e+00 0.000000000000000000e+00
0.000000000000000000e+00 0.000000000000000000e+00 0.000000000000000000e+00
0.000000000000000000e+00 0.000000000000000000e+00 0.000000000000000000e+00
0.000000000000000000e+00 0.000000000000000000e+00 0.000000000000000000e+00
0.000000000000000000e+00 0.000000000000000000e+00 0.000000000000000000e+00
0.000000000000000000e+00 0.000000000000000000e+00 0.000000000000000000e+00
0.000000000000000000e+00 0.000000000000000000e+00 0.000000000000000000e+00
0.000000000000000000e+00 0.000000000000000000e+00 0.000000000000000000e+00
0.000000000000000000e+00 0.000000000000000000e+00 0.000000000000000000e+00
0.000000000000000000e+00 0.000000000000000000e+00 0.000000000000000000e+00
0.000000000000000000e+00 0.000000000000000000e+00 0.000000000000000000e+00
0.000000000000000000e+00 0.000000000000000000e+00 0.000000000000000000e+00
0.000000000000000000e+00 0.000000000000000000e+00 0.000000000000000000e+00
0.000000000000000000e+00 0.000000000000000000e+00 0.000000000000000000e+00
0.000000000000000000e+00 0.000000000000000000e+00 0.000000000000000000e+00
0.000000000000000000e+00 0.000000000000000000e+00 0.000000000000000000e+00
0.000000000000000000e+00 0.000000000000000000e+00 0.000000000000000000e+00
0.000000000000000000e+00 0.000000000000000000e+00 0.000000000000000000e+00
0.000000000000000000e+00 0.000000000000000000e+00 0.000000000000000000e+00
0.000000000000000000e+00 0.000000000000000000e+00 0.000000000000000000e+00
0.000000000000000000e+00 0.000000000000000000e+00 0.000000000000000000e+00
0.000000000000000000e+00 0.000000000000000000e+00 0.000000000000000000e+00
0.000000000000000000e+00 0.000000000000000000e+00 0.000000000000000000e+00
0.000000000000000000e+00 0.000000000000000000e+00 0.000000000000000000e+00
0.000000000000000000e+00 0.000000000000000000e+00 0.000000000000000000e+00
0.000000000000000000e+00 0.000000000000000000e+00 0.000000000000000000e+00
0.000000000000000000e+00 0.000000000000000000e+00 0.000000000000000000e+00
0.000000000000000000e+00 0.000000000000000000e+00 0.000000000000000000e+00
0.000000000000000000e+00 0.000000000000000000e+00 0.000000000000000000e+00
0.000000000000000000e+00 0.000000000000000000e+00 0.000000000000000000e+00
0.000000000000000000e+00 0.000000000000000000e+00 0.000000000000000000e+00
0.000000000000000000e+00 0.000000000000000000e+00 0.000000000000000000e+00
0.000000000000000000e+00 0.000000000000000000e+00 0.000000000000000000e+00
0.000000000000000000e+00 0.000000000000000000e+00 0.000000000000000000e+00
0.000000000000000000e+00 0.000000000000000000e+00 0.000000000000000000e+00
0.000000000000000000e+00 0.000000000000000000e+00 0.000000000000000000e+00
0.000000000000000000e+00 0.000000000000000000e+00 0.000000000000000000e+00
0.000000000000000000e+00 0.000000000000000000e+00 0.000000000000000000e+00
0.000000000000000000e+00 0.000000000000000000e+00 0.000000000000000000e+00
0.000000000000000000e+00 0.000000000000000000e+00 0.000000000000000000e+00
0.000000000000000000e+00 0.000000000000000000e+00 0.000000000000000000e+00
0.000000000000000000e+00 0.000000000000000000e+00 0.000000000000000000e+00
0.000000000000000000e+00 0.000000000000000000e+00 0.000000000000000000e+00
0.000000000000000000e+00 0.000000000000000000e+00 0.000000000000000000e+00
0.000000000000000000e+00 0.000000000000000000e+00 0.000000000000000000e+00
