0.000000000000000000e+00 0.000000000000000000e+00 0.000000000000000000e+00
0.000000000000000000e+00 0.000000000000000000e+00 0.000000000000000000e+00
-1.069061488109252522e+01 -1.858902599378652098e+01 -1.133236234664419406e+01
-4.459437751602568056e+00 -1.452591063025025875e+01 -1.215550826384505179e+01
-6.712974320716877052e+00 -1.276758973129878605e+01 -3.315722665743722075e+01
-7.845037275306625979e+00 -1.175141361462321399e+01 -7.346285075786274987e+00
-4.007792825532952463e+00 -7.137413971914284616e+00 -3.940398999999999763e+00
-1.989999999999999991e+00 -2.970099999999999962e+00 0.000000000000000000e+00
0.000000000000000000e+00 0.000000000000000000e+00 0.000000000000000000e+00
0.000000000000000000e+00 0.000000000000000000e+00 0.000000000000000000e+00
0.000000000000000000e+00 0.000000000000000000e+00 0.000000000000000000e+00
0.000000000000000000e+00 0.000000000000000000e+00 0.000000000000000000e+00
0.000000000000000000e+00 0.000000000000000000e+00 0.000000000000000000e+00
0.000000000000000000e+00 0.000000000000000000e+00 0.000000000000000000e+00
0.000000000000000000e+00 0.000000000000000000e+00 0.000000000000000000e+00
-1.009578055649717143e+01 -1.131726821765451874e+01 -1.293757871148757665e+01
-1.150935091843862956e+01 -1.172726265877292917e+01 -1.206781661378387227e+01
-2.122492847122036252e+01 -2.136288309697578569e+01 -2.351645796156585178e+01
-2.901144762851357939e+01 -2.996623621957134631e+01 -3.273876994764483328e+01
-3.288193314043851956e+01 -3.425128704271215696e+01 -3.459754268490213747e+01
-3.287680231454931601e+01 -3.380784062444085691e+01 -3.747675339430306707e+01
-3.215470719953923151e+01 -3.272395647538814956e+01 -3.346752467106749407e+01
-2.894069586883216161e+01 -3.112454382019693000e+01 -3.082523934083548411e+01
-3.188636494507112928e+01 -3.210546780826626190e+01 -3.211919460697332340e+01
-3.094454420655151239e+01 -2.648252482183562506e+01 -2.543146319847988224e+01
0.000000000000000000e+00 0.000000000000000000e+00 0.000000000000000000e+00
0.000000000000000000e+00 0.000000000000000000e+00 0.000000000000000000e+00
0.000000000000000000e+00 0.000000000000000000e+00 0.000000000000000000e+00
0.000000000000000000e+00 0.000000000000000000e+00 0.000000000000000000e+00
0.000000000000000000e+00 0.000000000000000000e+00 0.000000000000000000e+00
-1.703190035835316607e+01 -1.782463831474892402e+01 -1.823362659934645791e+01
-1.352971314989505380e+01 -1.367425279202187838e+01 -1.326784427453490345e+01
-3.666663790507958254e+01 -3.636065475098162381e+01 -3.600323898679899770e+01
-4.063796530432112064e+01 -4.065937224182106746e+01 -4.086497062772662048e+01
-5.726170311792029821e+01 -5.715541984613456350e+01 -5.680382383896218101e+01
-6.318049197217926150e+01 -6.324307613640161918e+01 -6.300905263724397543e+01
-6.100985641163158846e+01 -6.138197803875683434e+01 -6.138318615248152810e+01
-5.778947883152837761e+01 -5.754369414827021956e+01 -5.777415349582670245e+01
-3.875995558351812065e+01 -3.787965800333959976e+01 -3.745677161235104080e+01
-3.005349297952871979e+01 -3.059004530443284509e+01 -3.057204356099047260e+01
-1.231869952608133190e+01 -1.435876332743087325e+01 -1.611919541721631077e+01
-1.000000000000000000e+00 -1.000000000000000000e+00 -1.000000000000000000e+00
0.000000000000000000e+00 0.000000000000000000e+00 0.000000000000000000e+00
0.000000000000000000e+00 0.000000000000000000e+00 0.000000000000000000e+00
0.000000000000000000e+00 0.000000000000000000e+00 0.000000000000000000e+00
-2.312084021383876831e+01 -2.238574359443915540e+01 -2.262549087383098367e+01
-2.877155856249361676e+01 -2.602992465658266497e+01 -2.308434346807078441e+01
-3.519160268747658193e+01 -3.519082935909565180e+01 -3.493414353914751302e+01
-3.973469040931997398e+01 -4.056980537186911562e+01 -3.852764573850983965e+01
-4.943244981038466079e+01 -4.666390738530859750e+01 -4.561637508789196715e+01
-5.738443481260807744e+01 -5.434607923958314757e+01 -5.396278518046433703e+01
-5.522929519024015121e+01 -5.442096629092146287e+01 -5.296919362370190498e+01
-4.860436453030133208e+01 -4.587205942643680601e+01 -4.636530702193048370e+01
-2.839021240590251693e+01 -2.818582671941320683e+01 -2.725977874194878936e+01
-2.024957892299289242e+01 -2.126574815679999730e+01 -1.989020093358860919e+01
-9.893852166472672849e+00 -9.742668914121312085e+00 -9.095493658845503759e+00
-1.495000000000000107e+00 -1.989999999999999991e+00 -1.000000000000000000e+00
0.000000000000000000e+00 0.000000000000000000e+00 0.000000000000000000e+00
0.000000000000000000e+00 0.000000000000000000e+00 0.000000000000000000e+00
0.000000000000000000e+00 0.000000000000000000e+00 0.000000000000000000e+00
0.000000000000000000e+00 0.000000000000000000e+00 0.000000000000000000e+00
-1.207034103980988604e+01 0.000000000000000000e+00 0.000000000000000000e+00
-1.278351253207835825e+01 -1.378207404856443041e+01 -1.292801195163978356e+01
-1.991165337288970250e+01 -1.880537632991230623e+01 -1.779578143325702300e+01
-2.425419929282008269e+01 -2.322083015258327521e+01 -2.268895505395606094e+01
-2.372027763740307549e+01 -2.224689318890498058e+01 -2.207422948254438566e+01
-3.438456497534952661e+01 -2.280518236479329630e+01 -2.067070269730420407e+01
-3.198035821499379239e+01 -2.276012636532830413e+01 -1.833440844612946208e+01
-1.555136380600680290e+01 -1.865656623563528171e+01 -1.436426194048417493e+01
-4.616759832031190669e+00 -6.786113496179144278e+00 -5.706737299798099627e+00
-6.979878278882398313e+00 0.000000000000000000e+00 0.000000000000000000e+00
0.000000000000000000e+00 0.000000000000000000e+00 0.000000000000000000e+00
0.000000000000000000e+00 0.000000000000000000e+00 0.000000000000000000e+00
0.000000000000000000e+00 0.000000000000000000e+00 0.000000000000000000e+00
0.000000000000000000e+00 0.000000000000000000e+00 0.000000000000000000e+00
0.000000000000000000e+00 0.000000000000000000e+00 0.000000000000000000e+00
0.000000000000000000e+00 0.000000000000000000e+00 0.000000000000000000e+00
0.000000000000000000e+00 0.000000000000000000e+00 0.000000000000000000e+00
0.000000000000000000e+00 0.000000000000000000e+00 0.000000000000000000e+00
0.000000000000000000e+00 0.000000000000000000e+00 0.000000000000000000e+00
0.000000000000000000e+00 0.000000000000000000e+00 0.000000000000000000e+00
0.000000000000000000e+00 0.000000000000000000e+00 0.000000000000000000e+00
0.000000000000000000e+00 0.000000000000000000e+00 0.000000000000000000e+00
0.000000000000000000e+00 0.000000000000000000e+00 0.000000000000000000e+00
0.000000000000000000e+00 0.000000000000000000e+00 0.000000000000000000e+00
0.000000000000000000e+00 0.000000000000000000e+00 0.000000000000000000e+00
0.000000000000000000e+00 0.000000000000000000e+00 0.000000000000000000e+00
0.000000000000000000e+00 0.000000000000000000e+00 0.000000000000000000e+00
0.000000000000000000e+00 0.000000000000000000e+00 0.000000000000000000e+00
0.000000000000000000e+00 0.000000000000000000e+00 0.000000000000000000e+00
